-0.115373	-0.115907	-0.113445	-0.109751	
-0.0617366	-0.0651952	-0.0538105	-0.0573227	
-0.00462162	-0.00227293	-0.000584134	0.00417309	
0.00279171	0.000862092	0.00167586	0.00314872	

-0.136135	-0.136816	-0.139322	-0.136569	
-0.069646	-0.0716048	-0.0704984	-0.070629	
-0.00198819	-0.00368763	-0.00164803	-0.0020864	
0.00222486	0.00177881	0.00167336	0.00262413	

-0.147849	-0.149113	-0.147679	-0.148946	
-0.0747099	-0.0747341	-0.0744149	-0.0724277	
-0.00294397	-0.00224418	-0.0056727	-0.00235378	
0.00141911	0.00133631	5.41603e-05	5.8879e-06	

-0.152055	-0.152785	-0.150718	-0.152843	
-0.0784471	-0.0774929	-0.0746588	-0.0785792	
-0.00353255	-0.0033389	-0.00357087	-0.00449382	
0.00147459	0.00082089	0.000186011	0.00180066	

-0.153092	-0.153596	-0.153307	-0.153093	
-0.0771173	-0.0751852	-0.0804375	-0.0811231	
-0.0028256	-0.00379068	-0.00508861	-0.00386198	
0.0021259	0.000154301	0.000544641	0.00145957	

-0.155347	-0.151931	-0.152367	-0.149694	
-0.0806853	-0.0769249	-0.075089	-0.0745392	
-0.00329259	-0.005628	-0.00469588	-0.00214333	
0.00169304	-0.000213013	-0.000105362	0.00131385	

-0.156038	-0.153094	-0.156741	-0.155721	
-0.0783603	-0.0760384	-0.0815969	-0.0806827	
-0.00433121	-0.00363464	-0.00585456	-0.00216672	
-0.00101547	-1.51099e-05	-0.000790557	0.0017954	

-0.155804	-0.155867	-0.157126	-0.154701	
-0.076969	-0.0781356	-0.0817159	-0.0788021	
-0.00515073	-0.0048876	-0.00314059	-0.00330925	
-0.00219541	-0.000229982	0.00109171	0.00140057	

-0.1605	-0.153549	-0.152677	-0.156356	
-0.0821551	-0.0777122	-0.0786469	-0.0781634	
-0.00442694	-0.00391905	-0.00530633	-0.00346366	
0.000691325	0.000753813	-0.000190749	-0.000751211	

-0.153907	-0.153266	-0.15351	-0.153915	
-0.0792021	-0.0778253	-0.0804757	-0.0816917	
-0.0033268	-0.0057977	-0.00457873	-0.00290956	
0.00119889	-0.00157385	0.000812957	0.00266875	

-0.152974	-0.156172	-0.154778	-0.153382	
-0.0811208	-0.0787609	-0.076332	-0.0804297	
-0.00578714	-0.003931	-0.00378538	-0.00410931	
-0.000339652	0.000394872	3.93629e-05	0.00112563	

-0.153897	-0.151099	-0.153239	-0.152081	
-0.0772678	-0.0794061	-0.0785437	-0.0788268	
-0.00248269	-0.0068202	-0.0027837	-0.00449705	
0.00193754	6.9909e-05	0.00168947	0.000604558	

-0.153431	-0.149222	-0.149645	-0.153257	
-0.0797007	-0.0756934	-0.0739992	-0.0756143	
-0.00425479	-0.00485643	-0.00418006	-0.00270885	
0.000388303	0.000405622	-0.000639072	0.000549202	

-0.154448	-0.151978	-0.152858	-0.153058	
-0.0795376	-0.078957	-0.0778497	-0.0784017	
-0.00440209	-0.00527467	-0.00504255	-0.00189979	
0.00166589	0.000365278	0.000568898	0.00316558	

-0.153672	-0.152748	-0.154895	-0.151292	
-0.0799683	-0.0786001	-0.0776218	-0.0763778	
-0.00518565	-0.00348865	-0.00342546	-0.00389193	
-0.000790348	0.000734193	-0.000369271	0.00153985	

-0.1517	-0.153123	-0.156303	-0.152491	
-0.0774729	-0.0763061	-0.0806779	-0.0771167	
-0.00497356	-0.00458715	-0.00385846	-0.0034659	
0.000378027	0.000310977	0.00123531	0.00103552	

-0.154192	-0.152152	-0.151821	-0.151763	
-0.081577	-0.0778171	-0.0760081	-0.0751713	
-0.00585844	-0.00307416	-0.00484714	-0.00283256	
-0.000784259	-0.000473613	-0.000718912	0.000379114	

-0.152439	-0.154211	-0.152445	-0.153913	
-0.079336	-0.0783166	-0.0790063	-0.0791807	
-0.00429749	-0.00332589	-0.00484441	-0.00438792	
0.000730802	0.00189286	0.000507256	0.000703353	

-0.155535	-0.15446	-0.15475	-0.156767	
-0.0820266	-0.0793945	-0.0797452	-0.0796978	
-0.00586811	-0.00552643	-0.00354979	-0.00309399	
-0.000921309	0.00010817	0.00193186	0.000723704	

-0.155448	-0.153325	-0.153858	-0.155713	
-0.0789759	-0.0800286	-0.0789405	-0.0779568	
-0.00330761	-0.00433478	-0.00542542	-0.00452309	
0.0012538	0.000852416	-0.000289447	-0.000286521	

-0.15319	-0.154868	-0.150678	-0.152538	
-0.0796907	-0.0784281	-0.0770798	-0.0778024	
-0.00508248	-0.00260496	-0.0041241	-0.00450161	
0.000899966	0.000426989	2.64273e-05	0.000485714	

-0.156394	-0.154613	-0.156572	-0.154223	
-0.0779198	-0.0771625	-0.0809375	-0.0804943	
-0.0028849	-0.00428012	-0.0042788	-0.00600398	
-7.10122e-05	-0.000116054	0.000306518	0.000486099	

-0.153292	-0.155649	-0.152922	-0.152854	
-0.0770932	-0.0781887	-0.0780428	-0.0746674	
-0.00485328	-0.00507149	-0.00356313	-0.0032135	
0.00010619	0.000475163	0.00182212	0.00145612	

-0.154556	-0.149875	-0.153103	-0.153553	
-0.0783115	-0.0781028	-0.0781171	-0.0797998	
-0.0023145	-0.00564015	-0.0042065	-0.00347352	
0.00218973	0.000217585	0.00105397	0.00277041	

-0.151812	-0.152897	-0.147157	-0.152372	
-0.0789288	-0.0784449	-0.0771644	-0.0791171	
-0.00664445	-0.00237021	-0.00374218	-0.00345761	
-0.000852951	0.00235236	0.00125247	0.000149154	

-0.151233	-0.151422	-0.153342	-0.154196	
-0.0792092	-0.0795075	-0.078159	-0.0793426	
-0.00544399	-0.00424103	-0.00353299	-0.00440564	
0.000159528	0.000221556	0.00122854	0.000431256	

-0.149489	-0.153641	-0.151158	-0.154586	
-0.0746189	-0.0828777	-0.0782985	-0.076729	
-0.00509051	-0.00601127	-0.00341954	-0.00285454	
0.00113688	0.00115414	0.0027095	0.00207654	

-0.154834	-0.152427	-0.154536	-0.152913	
-0.0802247	-0.07761	-0.0801685	-0.0802986	
-0.00344119	-0.00439337	-0.00401987	-0.00508597	
0.00106894	0.000333205	0.00168393	0.00038667	

-0.154112	-0.156948	-0.153686	-0.156115	
-0.0803858	-0.0808794	-0.0798095	-0.0806764	
-0.00434854	-0.00482974	-0.00689453	-0.00115528	
0.00109488	0.00113976	-0.00121889	0.00401734	

-0.154018	-0.152485	-0.15527	-0.155132	
-0.0796123	-0.0784244	-0.0786005	-0.0823685	
-0.00317838	-0.00545581	-0.00315502	-0.00624271	
0.000504924	-0.00113892	-0.000892739	-0.000553723	

-0.14959	-0.154119	-0.152587	-0.151638	
-0.0757844	-0.0763364	-0.0838918	-0.0772967	
-0.00615501	-0.00213177	-0.00778271	-0.00195753	
-0.000396602	0.000470793	-0.000395949	0.00103146	

-0.150636	-0.154376	-0.15391	-0.148811	
-0.0769213	-0.0778468	-0.0797217	-0.0778139	
-0.00408436	-0.0058632	-0.00399285	-0.00499868	
0.000811662	-0.00128369	0.000830887	0.00115687	

-0.153806	-0.152404	-0.156694	-0.154443	
-0.0784383	-0.0760408	-0.0779219	-0.0791524	
-0.00500817	-0.0025367	-0.0065793	-0.00419572	
0.000329314	0.000309148	-0.00186735	0.00252395	

-0.156324	-0.158926	-0.154589	-0.157119	
-0.0793957	-0.0793961	-0.0786726	-0.0816771	
-0.00262384	-0.00684134	-0.00461398	-0.00579377	
0.000697564	-0.000602094	-0.000431514	0.000861752	

-0.153047	-0.155108	-0.156654	-0.151705	
-0.0800703	-0.0788028	-0.0817521	-0.0796239	
-0.0046191	-0.00377925	-0.005484	-0.00521078	
0.000555418	1.80153e-05	-0.000481128	0.000262484	

-0.155727	-0.15319	-0.158198	-0.15405	
-0.079911	-0.0782724	-0.0817299	-0.0783229	
-0.00494963	-0.00602299	-0.0041244	-0.00356873	
-0.00135978	2.92723e-05	0.000390888	3.59732e-05	

-0.152774	-0.155048	-0.154005	-0.149995	
-0.0782581	-0.0790215	-0.0769266	-0.0751313	
-0.00461217	-0.0047742	-0.0038203	-0.00392561	
0.00125204	-0.000345744	-0.000622721	-1.19918e-05	

-0.152427	-0.154376	-0.154079	-0.15312	
-0.0754833	-0.076936	-0.0759604	-0.0781367	
-0.00455138	-0.00541607	-0.00379513	-0.00501754	
-0.00125379	-0.00212567	-0.000789899	0.000778907	

-0.154343	-0.151904	-0.150783	-0.152685	
-0.078958	-0.0757721	-0.0769804	-0.0767286	
-0.00657965	-0.00416889	-0.0041483	-0.00276175	
-0.00207441	0.000498065	0.000772627	0.00025588	

-0.155901	-0.15404	-0.156456	-0.154136	
-0.0796297	-0.0794014	-0.0789629	-0.0804244	
-0.00440491	-0.0045309	-0.00605911	-0.00404749	
9.20912e-05	0.00181498	-0.0014275	0.00100961	

-0.153467	-0.153281	-0.155825	-0.150627	
-0.075173	-0.0774252	-0.0788118	-0.0765828	
-0.00360436	-0.00388866	-0.00632645	-0.0036434	
-0.000500092	0.00137834	0.000377305	0.00206765	

-0.151379	-0.154154	-0.153731	-0.149409	
-0.0757589	-0.0787387	-0.0777689	-0.0756178	
-0.00299198	-0.00651731	-0.00352349	-0.00446692	
0.000119433	-0.000707834	0.000531767	0.000485659	

-0.150422	-0.15369	-0.156043	-0.152907	
-0.0777483	-0.0791468	-0.0809132	-0.0756978	
-0.00390921	-0.00616848	-0.00567149	-0.00273183	
0.000448141	-9.62158e-05	-0.000208396	0.00181934	

-0.154189	-0.153304	-0.157314	-0.152492	
-0.078798	-0.0787773	-0.0834236	-0.0774202	
-0.00435884	-0.00470951	-0.00537229	-0.00548136	
0.000343486	0.00147394	0.000292395	0.000132033	

-0.154758	-0.152375	-0.152505	-0.149887	
-0.0792128	-0.0772402	-0.0781032	-0.0760494	
-0.00540896	-0.00298763	-0.00415526	-0.00584775	
-0.00018185	-0.00010494	0.00109606	-0.00077166	

-0.156534	-0.152504	-0.152292	-0.154425	
-0.077581	-0.0806074	-0.0786456	-0.0780592	
-0.00390434	-0.00557354	-0.00496693	-0.00457378	
-0.00135838	-5.6259e-05	-0.000651426	-0.00108394	

-0.15423	-0.152925	-0.15253	-0.153505	
-0.0810972	-0.0795617	-0.080375	-0.0785475	
-0.00570961	-0.00370874	-0.00432547	-0.00327718	
0.000222893	0.000840375	0.00114816	-0.000139119	

-0.153463	-0.151835	-0.157114	-0.153197	
-0.0765886	-0.0785419	-0.0808322	-0.0786341	
-0.00308193	-0.00517495	-0.00554566	-0.00557256	
0.00144287	0.000188855	-0.000877303	-0.000309621	

-0.154168	-0.151005	-0.154366	-0.15639	
-0.0775386	-0.0757087	-0.0778897	-0.0793644	
-0.00423198	-0.00615602	-0.0045439	-0.00273283	
0.000522301	-9.73443e-05	0.0010531	0.00199906	

-0.154304	-0.157922	-0.153575	-0.153863	
-0.0810415	-0.0805908	-0.0793125	-0.0792411	
-0.00621562	-0.005052	-0.00436202	-0.00292333	
-0.00116294	0.000279948	-0.00116047	0.000219117	

-0.154491	-0.154736	-0.153092	-0.156595	
-0.079881	-0.0804463	-0.0777495	-0.0787525	
-0.00415409	-0.00386616	-0.00581828	-0.00411248	
-4.07459e-05	0.000262766	-0.000823323	-0.0012536	

-0.154945	-0.153949	-0.149413	-0.153701	
-0.0802533	-0.0798776	-0.0777605	-0.0798248	
-0.00508407	-0.00502769	-0.00401333	-0.00347876	
-0.00059703	1.7583e-05	0.000452488	0.00184886	

-0.15502	-0.15311	-0.152525	-0.152465	
-0.0798821	-0.0813499	-0.08152	-0.0793148	
-0.00615163	-0.00501766	-0.00565199	-0.00130239	
-0.00109796	-0.000952793	-0.000293831	0.000516461	

-0.15168	-0.15359	-0.152627	-0.151313	
-0.0782736	-0.0780796	-0.0814855	-0.0797703	
-0.00387076	-0.00428196	-0.00493548	-0.00495229	
0.000791717	-0.000300123	0.0016589	0.0011994	

-0.15268	-0.151032	-0.152737	-0.151851	
-0.080283	-0.0775572	-0.0772522	-0.0787519	
-0.00498775	-0.0048922	-0.00183318	-0.00538611	
0.000647873	0.000230223	0.00143033	0.000228141	

-0.151436	-0.149328	-0.150351	-0.156336	
-0.0767981	-0.0772602	-0.0778425	-0.0798764	
-0.00348907	-0.00608069	-0.00400025	-0.00526365	
0.00151393	0.000360275	0.000570521	0.001147	

-0.151966	-0.153824	-0.153882	-0.152121	
-0.0787402	-0.0790406	-0.0781924	-0.0768693	
-0.00593428	-0.00319426	-0.00414994	-0.00397291	
-0.000762486	0.00125848	9.94723e-05	-0.00039465	

-0.155174	-0.15161	-0.155413	-0.155193	
-0.0807878	-0.0795199	-0.0828884	-0.0817488	
-0.00515665	-0.0058775	-0.00325009	-0.00610922	
-0.000249392	0.00138209	0.00331726	0.00112374	

-0.151302	-0.152946	-0.151697	-0.154807	
-0.0775283	-0.0792369	-0.0792864	-0.0793426	
-0.00426476	-0.00521034	-0.00496474	-0.00323246	
0.000185709	-0.000186755	0.00112271	0.00093718	

-0.155431	-0.155219	-0.153353	-0.156254	
-0.0811652	-0.0793132	-0.0765623	-0.0784741	
-0.00662018	-0.00536614	-0.00336748	-0.0033375	
-0.00053178	0.00176846	0.00124382	0.00225326	

-0.153188	-0.152742	-0.15608	-0.155028	
-0.0784272	-0.0782617	-0.079828	-0.0794414	
-0.00535539	-0.00427308	-0.00473792	-0.00385174	
0.000825109	0.00127042	-0.000829455	0.00179079	

-0.150464	-0.152275	-0.154389	-0.152033	
-0.0788142	-0.0781048	-0.0787402	-0.0791113	
-0.00278557	-0.00429301	-0.00399852	-0.00708684	
0.00232401	0.000732714	6.16766e-05	-0.000902525	

-0.153604	-0.15264	-0.156337	-0.148586	
-0.0766744	-0.0779545	-0.0804186	-0.0749284	
-0.00416881	-0.00584093	-0.00528334	-0.00252112	
-0.000203987	-0.000117071	0.00129023	0.00230429	

-0.151855	-0.151529	-0.155329	-0.148289	
-0.0785611	-0.0782939	-0.0792989	-0.0752694	
-0.00323056	-0.00537526	-0.0047573	-0.00478211	
0.000988259	-0.000909702	-0.000227034	0.00081195	

-0.154682	-0.154127	-0.154888	-0.151416	
-0.0774426	-0.0783347	-0.0789778	-0.0751471	
-0.00379413	-0.00468256	-0.00522334	-0.00443087	
0.000145329	4.04913e-05	-0.000350337	-0.000691434	

-0.158446	-0.152719	-0.154403	-0.15619	
-0.0794306	-0.0778999	-0.0798814	-0.0795177	
-0.00425749	-0.00380792	-0.00643055	-0.00446014	
-0.000973665	0.00013586	-0.00119445	0.000106251	

-0.156177	-0.151149	-0.151558	-0.152171	
-0.0809409	-0.0768517	-0.0778226	-0.0754448	
-0.00621353	-0.00382602	-0.00269538	-0.0053489	
-0.000854361	0.000899047	0.00130794	-0.00176925	

-0.158033	-0.151714	-0.153642	-0.151121	
-0.0818861	-0.0796812	-0.0802352	-0.0785221	
-0.00468953	-0.00603021	-0.00414301	-0.00385385	
0.000782241	0.000833402	0.00111106	0.0013362	

-0.154021	-0.159255	-0.151875	-0.154628	
-0.0766211	-0.0822842	-0.0770766	-0.0774075	
-0.00447416	-0.00571434	-0.00409038	-0.00478524	
-0.0015263	-0.000785968	0.000222167	-0.00020704	

-0.152134	-0.152841	-0.149898	-0.151665	
-0.078422	-0.077789	-0.0762787	-0.0762712	
-0.00432084	-0.00481705	-0.00480693	-0.00478428	
0.000693988	0.00199815	8.44324e-05	0.000808752	

-0.151812	-0.153174	-0.156424	-0.15049	
-0.0778729	-0.0768383	-0.0802129	-0.076363	
-0.00352897	-0.00459604	-0.0055742	-0.00432204	
0.00159159	-0.000164581	-0.000466231	0.000488957	

-0.156878	-0.150028	-0.153196	-0.152797	
-0.0767384	-0.0733221	-0.07547	-0.0777554	
-0.00237256	-0.0039418	-0.00642011	-0.005839	
-4.7776e-05	0.000149127	-0.00193849	-0.000689959	

-0.154976	-0.152063	-0.152992	-0.154078	
-0.0793059	-0.0761506	-0.0758633	-0.078372	
-0.00585179	-0.00448917	-0.00523136	-0.00206915	
0.00037779	0.00030041	-0.00210657	0.00132792	

-0.153536	-0.151002	-0.155505	-0.150696	
-0.0792566	-0.0791211	-0.0791325	-0.077413	
-0.00546874	-0.00519783	-0.00373038	-0.00460589	
0.000239483	0.00120372	-9.02058e-05	0.000279369	

-0.151597	-0.153642	-0.15068	-0.153369	
-0.0784192	-0.0786795	-0.0763878	-0.077777	
-0.00621702	-0.00304689	-0.0044327	-0.00342715	
-0.000424734	0.00144583	-0.000279362	0.000221786	

-0.152895	-0.148396	-0.15596	-0.151721	
-0.0772213	-0.0762708	-0.0773811	-0.0792159	
-0.00241239	-0.00513848	-0.00425856	-0.00644515	
0.00211396	0.000934989	-0.00104804	-0.000474068	

-0.149936	-0.154727	-0.154637	-0.151752	
-0.0759447	-0.0805442	-0.0800608	-0.0754648	
-0.0049396	-0.00510743	-0.00641015	-0.00213821	
-0.000782886	-0.00068909	-0.000114483	0.00162723	

-0.152073	-0.152065	-0.152053	-0.152636	
-0.0767961	-0.0785986	-0.0765183	-0.0759602	
-0.00443163	-0.0052574	-0.00462224	-0.00403653	
5.84093e-05	0.000168159	-0.00160044	-0.000396531	

-0.151094	-0.151445	-0.151532	-0.152771	
-0.0776023	-0.0785651	-0.0795143	-0.0768904	
-0.00298448	-0.00509556	-0.00570979	-0.00306146	
0.000227897	-0.00191107	0.000325822	-0.00020445	

-0.152212	-0.148802	-0.156726	-0.147263	
-0.0754683	-0.0777169	-0.080645	-0.0771001	
-0.00343014	-0.00662157	-0.00350417	-0.00390119	
0.000234176	-0.000287144	0.00139404	0.00257109	

-0.157492	-0.152913	-0.154414	-0.151638	
-0.0827727	-0.0806858	-0.07942	-0.0771721	
-0.00605563	-0.00455332	-0.00420008	-0.00339089	
0.000448918	0.00111385	-1.99364e-05	-0.000424032	

-0.152063	-0.154754	-0.156313	-0.157922	
-0.0792624	-0.0790393	-0.0781286	-0.0849437	
-0.00529589	-0.00537524	-0.00297475	-0.00692391	
-0.00132714	0.00075595	0.000767846	0.000306388	

-0.151953	-0.153944	-0.157154	-0.155156	
-0.0782469	-0.0789145	-0.0788833	-0.0799773	
-0.00552757	-0.0044933	-0.0041488	-0.00494451	
-0.000384491	-0.000237958	-7.34033e-05	0.000199572	

-0.156716	-0.155762	-0.154432	-0.154944	
-0.0784274	-0.0791759	-0.0781827	-0.0783375	
-0.00473637	-0.00497802	-0.0047749	-0.00469595	
0.000705481	-0.000794542	-0.00101265	0.000516524	

-0.156478	-0.158728	-0.155744	-0.154162	
-0.0776356	-0.0787625	-0.0795425	-0.0770424	
-0.00484135	-0.00524244	-0.00570988	-0.00327658	
-0.00110929	-0.000857746	-0.000971992	0.000620297	

-0.15037	-0.152415	-0.156235	-0.149908	
-0.0780439	-0.079638	-0.0804262	-0.0774728	
-0.00329243	-0.00597852	-0.0040754	-0.00587983	
0.00035436	0.000182931	0.00117277	0.000782976	

-0.155171	-0.153184	-0.154994	-0.154907	
-0.078964	-0.0764065	-0.0805717	-0.081565	
-0.005717	-0.00281374	-0.00513669	-0.00481591	
0.000313517	0.00123836	0.00175415	0.00222744	

-0.151894	-0.153066	-0.153007	-0.150349	
-0.0767675	-0.0825446	-0.0781229	-0.0779198	
-0.00314932	-0.00467035	-0.00394457	-0.00606363	
0.000465037	-0.000331839	-0.000558983	-0.00025076	

-0.153941	-0.152793	-0.153115	-0.153414	
-0.0804465	-0.0781933	-0.0798104	-0.0815799	
-0.0044609	-0.00380124	-0.00399278	-0.00496019	
0.00045974	1.35908e-05	0.00016382	0.000658663	

-0.155089	-0.153222	-0.150885	-0.149289	
-0.0806338	-0.0786758	-0.079815	-0.0805012	
-0.00230136	-0.00535203	-0.00533154	-0.00555833	
0.000857368	-0.000542511	-0.000908755	-9.73073e-05	

-0.154954	-0.154004	-0.153857	-0.153686	
-0.0798355	-0.0782055	-0.0788159	-0.0772041	
-0.00447157	-0.00538368	-0.00272467	-0.0053521	
0.000500244	-0.000614013	0.00222815	-0.00117469	

-0.151817	-0.156219	-0.155286	-0.153173	
-0.0782178	-0.0809809	-0.0776706	-0.0788145	
-0.00230287	-0.0051339	-0.00532978	-0.0059796	
0.00172682	0.000342868	-0.00137823	0.000319839	

-0.154833	-0.157219	-0.15235	-0.155081	
-0.0803175	-0.0809467	-0.0791112	-0.081309	
-0.00708942	-0.00131541	-0.00327767	-0.00540936	
-0.000810994	0.00212814	0.000942583	0.000508126	

-0.158905	-0.154752	-0.154998	-0.152737	
-0.0822825	-0.0778448	-0.082116	-0.0809155	
-0.00524037	-0.00389612	-0.00463632	-0.00444682	
-0.00070657	-0.000399244	-0.000120467	0.00103605	

-0.157767	-0.153786	-0.153123	-0.153721	
-0.0821926	-0.0793465	-0.0791081	-0.077273	
-0.00586062	-0.00259523	-0.00422165	-0.00512218	
0.000991012	0.00129545	2.01348e-05	-0.000944681	

-0.153666	-0.157915	-0.155944	-0.153761	
-0.0788763	-0.0818409	-0.0795741	-0.0801104	
-0.00472815	-0.00462351	-0.00302952	-0.00659208	
-0.00106288	0.000404595	0.00025627	-0.000892021	

-0.156697	-0.152867	-0.151059	-0.150197	
-0.0757355	-0.0763128	-0.0776771	-0.0762517	
-0.00260365	-0.00554433	-0.00479013	-0.00454238	
0.00101968	-0.00106946	-0.000390623	0.00027324	

-0.151156	-0.15117	-0.15263	-0.151983	
-0.074309	-0.0747072	-0.0769634	-0.0768024	
-0.00555099	-0.00489826	-0.00422093	-0.00332246	
-0.00172607	-0.00105944	-0.000852	-0.000105318	

-0.151149	-0.153491	-0.158854	-0.155109	
-0.0773636	-0.0776216	-0.080893	-0.0775252	
-0.00613082	-0.00260344	-0.00495272	-0.00281377	
0.000107246	0.000713076	-0.000703856	0.000428769	

-0.15911	-0.157257	-0.153932	-0.152507	
-0.0841352	-0.0813658	-0.0799882	-0.0778149	
-0.00584567	-0.00392392	-0.00482279	-0.00447298	
0.000474967	0.000482533	-0.00085083	0.000718473	

-0.154295	-0.156777	-0.156118	-0.155623	
-0.0809888	-0.0802853	-0.0781568	-0.0811963	
-0.00509525	-0.00493454	-0.00286751	-0.00478034	
0.000958788	0.000979831	0.000488855	0.00061849	

-0.152785	-0.154533	-0.158518	-0.154169	
-0.0779762	-0.0802677	-0.079066	-0.0781344	
-0.0048255	-0.00683372	-0.00407397	-0.00380137	
-0.00010216	-0.000456196	-0.000172425	0.000370599	

-0.156394	-0.154011	-0.154891	-0.153419	
-0.0793867	-0.0770187	-0.077501	-0.0764534	
-0.00560708	-0.00515127	-0.00478398	-0.00355327	
-0.000222438	-0.00219691	-8.91388e-05	0.000333054	

-0.154783	-0.155955	-0.154767	-0.154384	
-0.0755342	-0.077316	-0.0777203	-0.0780057	
-0.00342774	-0.00614038	-0.00459588	-0.0055311	
-0.000435475	-0.00116658	-0.00103104	-0.000491893	

-0.1574	-0.152998	-0.153429	-0.152262	
-0.0788694	-0.0770848	-0.0745954	-0.0751833	
-0.00411468	-0.00395974	-0.00459145	-0.00498376	
0.00226906	0.000324407	-0.000306967	-0.00079106	

-0.156726	-0.153276	-0.153389	-0.153805	
-0.0796193	-0.0777005	-0.0777938	-0.0782793	
-0.00394895	-0.00564418	-0.00518261	-0.00391235	
0.000183907	0.000369511	-1.65649e-06	0.000733399	

-0.155485	-0.154149	-0.152705	-0.158835	
-0.081363	-0.0778579	-0.0768877	-0.0806638	
-0.00492325	-0.00450049	-0.00541002	-0.00342089	
0.00011438	0.00210191	-0.000518996	0.000433305	

-0.155401	-0.153455	-0.153805	-0.155428	
-0.0784129	-0.0793556	-0.0794317	-0.0828158	
-0.00417635	-0.00536958	-0.00372031	-0.0056801	
-0.000248434	-6.72973e-05	0.000939221	0.00117598	

-0.152909	-0.152974	-0.154712	-0.154472	
-0.0773054	-0.0763341	-0.0806374	-0.0767037	
-0.00225528	-0.00340337	-0.00658101	-0.00565953	
0.00203421	0.00107748	-6.41956e-05	-0.000428878	

-0.15169	-0.15201	-0.15845	-0.149264	
-0.0788117	-0.0790103	-0.0801167	-0.0785139	
-0.00535307	-0.00424382	-0.0049069	-0.00474748	
0.00161233	0.00090184	0.000631711	0.00132075	

-0.152619	-0.154022	-0.153632	-0.152961	
-0.0798103	-0.0811118	-0.0804076	-0.0785153	
-0.00564292	-0.00439034	-0.00618121	-0.00214573	
0.000965964	0.000925088	0.000525464	0.00282832	

-0.153605	-0.150257	-0.15669	-0.152848	
-0.0795806	-0.0790846	-0.0824088	-0.0819324	
-0.00528181	-0.00451747	-0.00504622	-0.00461699	
-0.000785683	0.00141637	0.00118992	0.00076044	

-0.156289	-0.154157	-0.154268	-0.154481	
-0.0792305	-0.079473	-0.0791304	-0.0793947	
-0.00478237	-0.00468015	-0.00361109	-0.00567966	
-0.000550681	0.00105299	0.000113724	-0.000840976	

-0.15392	-0.154647	-0.150116	-0.15177	
-0.078854	-0.0797042	-0.0781232	-0.0796137	
-0.00427635	-0.00585297	-0.00510562	-0.00414423	
-0.00148603	-9.97834e-05	5.79214e-05	0.00109083	

-0.150718	-0.153827	-0.154172	-0.15173	
-0.0773079	-0.0766723	-0.0789455	-0.0760453	
-0.0049251	-0.00304609	-0.00570622	-0.00534314	
0.000353497	-0.000219259	-0.000188529	-0.000739836	

-0.155208	-0.148673	-0.155399	-0.154234	
-0.0793904	-0.0767298	-0.0794083	-0.0802401	
-0.0042754	-0.00580176	-0.00534287	-0.00422783	
-0.00044524	-0.00110263	-0.000967517	0.0018397	

-0.15509	-0.151375	-0.155705	-0.153115	
-0.0800069	-0.0730968	-0.0795552	-0.0758841	
-0.00510443	-0.00465564	-0.00475351	-0.00327864	
0.00126507	-0.000260258	-0.00165666	-0.00114566	

-0.153259	-0.154591	-0.153843	-0.152136	
-0.0760285	-0.0783304	-0.076538	-0.0783464	
-0.00181908	-0.00466179	-0.00608397	-0.00565851	
0.000174992	0.000203016	-0.000921999	-0.000427004	

-0.151837	-0.156193	-0.150029	-0.156387	
-0.0757495	-0.0799441	-0.0773752	-0.0758969	
-0.00347128	-0.00517351	-0.00564342	-0.00379713	
0.00251243	0.000328196	0.00037457	-5.48624e-05	

-0.155598	-0.152649	-0.155258	-0.153581	
-0.0776187	-0.0789458	-0.0797922	-0.0778676	
-0.00467188	-0.00398705	-0.00600244	-0.00460547	
0.000162877	0.00212842	-0.000187061	0.000437188	

-0.151718	-0.15285	-0.154925	-0.154525	
-0.0778944	-0.0783562	-0.0796901	-0.0778883	
-0.00665913	-0.00298785	-0.00512431	-0.00382421	
-0.00168586	3.44202e-05	-0.000124215	-0.000316839	

-0.155637	-0.150079	-0.157214	-0.155539	
-0.0804058	-0.0774615	-0.0807737	-0.079782	
-0.00566345	-0.00404774	-0.00395326	-0.00555012	
-0.000630141	0.000835925	0.000949144	0.0007819	

-0.153161	-0.156873	-0.157262	-0.155788	
-0.0810955	-0.0838057	-0.0870412	-0.0800205	
-0.00516552	-0.00690295	-0.00610445	-0.00248524	
0.000298438	-0.000601629	0.000506068	0.000940571	

-0.157349	-0.157636	-0.157252	-0.151496	
-0.0817525	-0.0821728	-0.0829743	-0.0793982	
-0.0060812	-0.00633816	-0.00506641	-0.00463398	
-0.00122443	-0.00142277	6.5574e-05	0.00097686	

-0.154262	-0.154638	-0.155754	-0.157959	
-0.0773044	-0.0795895	-0.0807949	-0.0802163	
-0.00602981	-0.00549706	-0.0042203	-0.00274838	
-0.000523056	-0.00140729	0.000707421	0.00185381	

-0.154889	-0.155469	-0.156976	-0.152059	
-0.0799672	-0.0776719	-0.0786773	-0.0779546	
-0.00514257	-0.00446451	-0.00359209	-0.00583931	
-0.00134991	0.000304243	0.000208245	0.000591454	

-0.15692	-0.154012	-0.158594	-0.154189	
-0.0811288	-0.0777247	-0.0777402	-0.0768744	
-0.00522304	-0.00461538	-0.00494932	-0.00375253	
0.00028782	-0.00147374	-0.0017347	-2.5566e-05	

-0.15364	-0.152074	-0.154983	-0.154977	
-0.0790367	-0.0782692	-0.0778449	-0.0781067	
-0.00457866	-0.00590405	-0.00529488	-0.00368918	
-0.00137359	-0.000292246	-0.000820589	8.42348e-05	

-0.152263	-0.154419	-0.155286	-0.156763	
-0.0780226	-0.077539	-0.0814487	-0.0795339	
-0.00521785	-0.00385263	-0.00423357	-0.00477629	
-0.00116331	-0.0011324	0.00023729	-0.00101224	

-0.15401	-0.154047	-0.153397	-0.152285	
-0.0806306	-0.0796724	-0.0788052	-0.0757364	
-0.0061896	-0.00499529	-0.00447119	-0.00322611	
-0.00149005	-0.00039829	-0.00107301	-0.000200015	

-0.155885	-0.151522	-0.150954	-0.150886	
-0.0798087	-0.0783885	-0.0790149	-0.0747655	
-0.00541391	-0.00485646	-0.00474221	-0.00287311	
-0.000557808	-0.000478799	0.000544386	0.000714336	

-0.154664	-0.153409	-0.151962	-0.150652	
-0.0792749	-0.0811554	-0.0781799	-0.0773779	
-0.00524135	-0.00491455	-0.00385859	-0.00477381	
-8.14752e-05	0.000601717	5.97282e-05	-5.40687e-05	

-0.157936	-0.155356	-0.15536	-0.149309	
-0.0806704	-0.0795746	-0.0802768	-0.0770718	
-0.00629922	-0.00450019	-0.00425454	-0.00369478	
-0.00165123	0.000523944	-0.000177886	-0.000981688	

-0.150905	-0.152261	-0.150113	-0.153182	
-0.0760889	-0.0787108	-0.0784562	-0.0769386	
-0.0021825	-0.0071655	-0.00529942	-0.00492025	
0.00120467	-0.000551489	-0.000535889	-0.000781094	

-0.15493	-0.155058	-0.153182	-0.154066	
-0.0802779	-0.0795448	-0.0774153	-0.0804495	
-0.00490506	-0.00625531	-0.00366104	-0.00494444	
-0.000209926	0.00015338	-9.54283e-05	-0.0012458	

-0.153985	-0.154264	-0.151608	-0.150054	
-0.0764099	-0.0799061	-0.0792264	-0.0773135	
-0.00371182	-0.0044452	-0.00641612	-0.00383973	
-0.00011429	0.00128802	-0.00142011	0.000403785	

-0.15476	-0.153134	-0.149808	-0.152231	
-0.0795643	-0.0802736	-0.0759645	-0.0797341	
-0.0062075	-0.00336414	-0.00461822	-0.00371777	
-0.000908032	0.000836472	0.000315777	0.00302833	

-0.156533	-0.149654	-0.149652	-0.152297	
-0.0825144	-0.0765704	-0.0758564	-0.0774119	
-0.00598697	-0.00398114	-0.00428667	-0.00386628	
0.000241709	0.00117456	-0.00124505	0.00049272	

-0.153154	-0.152008	-0.153812	-0.15474	
-0.0751809	-0.0766291	-0.0788063	-0.08044	
-0.00230594	-0.0031198	-0.00665522	-0.0051231	
0.000311085	0.000781208	-0.00137601	0.000497717	

-0.155597	-0.150548	-0.160042	-0.152252	
-0.0793415	-0.0755269	-0.0834961	-0.0772968	
-0.00542922	-0.00429676	-0.00489959	-0.00377352	
-0.00122263	0.000527993	-7.40382e-07	0.00122558	

-0.155214	-0.151645	-0.156017	-0.154739	
-0.082699	-0.0780879	-0.0783035	-0.0775711	
-0.00684871	-0.00567662	-0.00274549	-0.0026909	
-0.000272957	-3.34525e-06	0.00144628	0.000882203	

-0.152281	-0.153715	-0.154797	-0.151196	
-0.0799049	-0.0789483	-0.0819031	-0.0799278	
-0.00538993	-0.00545624	-0.00467989	-0.00338366	
0.000236987	0.000222048	0.00103247	0.00245495	

-0.154326	-0.153736	-0.148051	-0.153511	
-0.0796026	-0.0770877	-0.0788943	-0.0782819	
-0.00638154	-0.00148018	-0.00649669	-0.0031862	
0.000642281	0.00100882	0.000885926	0.00183409	

-0.151118	-0.152981	-0.152842	-0.155505	
-0.0770728	-0.0823464	-0.0773162	-0.0782115	
-0.00389333	-0.008054	-0.00331748	-0.00420339	
-7.45829e-05	-0.000574152	0.000449624	0.000421653	

-0.156034	-0.156741	-0.154573	-0.15275	
-0.0801307	-0.0782898	-0.0769561	-0.0773984	
-0.00580947	-0.00208542	-0.00560765	-0.0041271	
0.00101993	-0.000384347	0.000448232	0.000364541	

-0.153159	-0.153409	-0.152459	-0.154326	
-0.0761853	-0.0805854	-0.0788247	-0.0785089	
-0.00356255	-0.00621572	-0.00439771	-0.00413647	
-0.00015386	0.00019342	0.0010913	-0.000810136	

-0.15194	-0.152985	-0.155058	-0.158026	
-0.0803737	-0.0801372	-0.0800722	-0.0827387	
-0.00654352	-0.00320067	-0.00492714	-0.00383241	
0.000339535	0.00133124	-0.00067849	0.000820176	

-0.15654	-0.151386	-0.155337	-0.147573	
-0.0801519	-0.0769953	-0.0781309	-0.0762584	
-0.00613684	-0.00383502	-0.00361916	-0.00583466	
-0.00198233	0.00070022	2.08115e-05	-0.00111557	

-0.155837	-0.155105	-0.154227	-0.155697	
-0.0818939	-0.0802681	-0.0789482	-0.0811453	
-0.00564779	-0.00375994	-0.00551171	-0.00527035	
-0.000791907	0.000504922	-0.00161696	0.00107245	

-0.153596	-0.153473	-0.157938	-0.152361	
-0.078292	-0.0797414	-0.0818971	-0.079012	
-0.0036664	-0.00372105	-0.00655877	-0.00494611	
0.00031708	0.00220455	-0.000518087	0.000739689	

-0.151954	-0.152924	-0.155935	-0.153404	
-0.0813027	-0.0779658	-0.0780805	-0.0797099	
-0.0049104	-0.00288849	-0.00579039	-0.00484537	
0.00175161	0.00107828	-0.000749221	-0.000145531	

-0.154084	-0.155885	-0.152667	-0.155765	
-0.079283	-0.0819001	-0.0803307	-0.0789358	
-0.00362245	-0.00528773	-0.00498462	-0.00543577	
-0.00106391	-0.000175216	0.000655227	-0.000892467	

-0.156862	-0.152467	-0.15089	-0.153873	
-0.079073	-0.0777667	-0.0786055	-0.0790656	
-0.00433229	-0.00379412	-0.00538626	-0.00525757	
-0.000576508	0.000447296	0.000799571	-0.00148693	

-0.156639	-0.152834	-0.15646	-0.156311	
-0.0781378	-0.0779307	-0.0816319	-0.0818854	
-0.00492504	-0.00414275	-0.00496514	-0.00602491	
-0.000937187	0.0022956	0.00199538	0.000959309	

-0.153852	-0.154653	-0.154175	-0.153457	
-0.0786488	-0.0795604	-0.0783931	-0.0791143	
-0.00535004	-0.00536979	-0.00393322	-0.00472427	
-0.000161752	-0.00175751	0.00027735	0.00141509	

-0.157419	-0.152184	-0.158783	-0.15544	
-0.0788173	-0.0782094	-0.0794352	-0.0773829	
-0.00584842	-0.00386211	-0.00553705	-0.00361358	
-0.00135335	0.00181426	-0.00149509	0.000745372	

-0.150554	-0.15513	-0.155825	-0.154886	
-0.078364	-0.0796225	-0.0784333	-0.0791859	
-0.00516966	-0.00409503	-0.00566767	-0.00460916	
-0.000407845	0.000455472	1.15599e-05	0.000161859	

-0.153503	-0.155771	-0.156434	-0.15693	
-0.0784957	-0.0783936	-0.0787683	-0.0819618	
-0.00444015	-0.0044449	-0.00537904	-0.00594786	
0.000328121	0.00118515	-0.00166053	0.000371965	

-0.155409	-0.15775	-0.157589	-0.150443	
-0.0800621	-0.0804945	-0.0784618	-0.0738107	
-0.00731068	-0.00547071	-0.00412144	-0.00343387	
-0.00156095	-0.000968659	-0.000226836	0.000317804	

-0.154472	-0.155053	-0.156621	-0.152569	
-0.0781472	-0.0798104	-0.0801117	-0.0773733	
-0.00418834	-0.00667755	-0.00403678	-0.00592166	
-0.000718747	-0.000706013	0.000392418	-0.000535319	

-0.153101	-0.153166	-0.151509	-0.153581	
-0.0796256	-0.0772864	-0.0769714	-0.0795111	
-0.00521577	-0.00414883	-0.00464419	-0.00448803	
-0.00084398	-0.000192646	0.000100916	0.000290656	

-0.15296	-0.152848	-0.155108	-0.154159	
-0.0781565	-0.0783456	-0.0792478	-0.0811435	
-0.00373985	-0.00426104	-0.00374159	-0.0068996	
-0.000945743	0.000788486	0.000818009	0.000343664	

-0.154171	-0.154435	-0.156876	-0.155018	
-0.0791029	-0.0795307	-0.0819691	-0.0777604	
-0.00740956	-0.00443009	-0.00455535	-0.00179031	
-0.00140377	-0.000123245	0.000599069	0.000726672	

-0.15369	-0.152031	-0.153632	-0.151182	
-0.0796752	-0.0783296	-0.0774451	-0.0778872	
-0.00435918	-0.00466311	-0.00597395	-0.00398819	
-0.00110931	-6.46663e-05	-0.00237827	-0.000198479	

-0.148422	-0.153223	-0.152914	-0.153911	
-0.0767558	-0.0780022	-0.0777663	-0.0800286	
-0.00430717	-0.00323894	-0.00373641	-0.0057354	
-0.000871512	-9.31581e-05	0.000834674	-0.00105867	

-0.156543	-0.156061	-0.152232	-0.154661	
-0.0816001	-0.0766127	-0.076107	-0.079052	
-0.0064901	-0.00563201	-0.0029675	-0.00405417	
-0.000677077	-0.00149926	-0.000180711	0.000196825	

-0.150853	-0.157324	-0.160261	-0.153963	
-0.0785967	-0.0818704	-0.0837081	-0.0772594	
-0.00520269	-0.00558673	-0.00474908	-0.00397246	
-0.00120112	-0.000878477	-0.000415774	7.94287e-05	

-0.15519	-0.152877	-0.156128	-0.150842	
-0.0803104	-0.0789061	-0.0825131	-0.07896	
-0.00522473	-0.00535642	-0.00454173	-0.00432847	
-0.000371643	0.000692789	0.000598899	0.00160641	

-0.151689	-0.159869	-0.153902	-0.15513	
-0.0757559	-0.0792434	-0.077718	-0.0774712	
-0.00393846	-0.00285235	-0.00694621	-0.00376769	
3.76144e-05	0.00033057	-0.00171804	0.000833213	

-0.153213	-0.151581	-0.157353	-0.151397	
-0.0808201	-0.0786853	-0.0825317	-0.0764747	
-0.00494082	-0.00476094	-0.00485145	-0.00401745	
-0.000953272	0.000418009	-0.000113791	0.000660774	

-0.153827	-0.1538	-0.154668	-0.160747	
-0.0785306	-0.07886	-0.0817188	-0.0828601	
-0.00246286	-0.00456175	-0.00659746	-0.00467088	
0.000380816	-0.00120712	-0.000645521	0.00023239	

-0.152984	-0.155143	-0.153147	-0.152197	
-0.0807157	-0.0809386	-0.0785443	-0.0775456	
-0.00446153	-0.00565683	-0.00597015	-0.00406605	
0.00102196	-0.000153997	-0.000580951	0.00056903	

-0.156687	-0.153921	-0.154384	-0.153069	
-0.0801655	-0.0784144	-0.0792754	-0.0794188	
-0.00427249	-0.00512207	-0.0046924	-0.00491852	
0.0014869	0.000438386	0.000839713	0.000297731	

-0.155975	-0.149352	-0.157465	-0.153535	
-0.0781116	-0.075091	-0.0837974	-0.0777231	
-0.00468686	-0.0057665	-0.00526658	-0.00289291	
-0.00141311	-0.00132365	3.8392e-05	0.000366934	

-0.149481	-0.153684	-0.154163	-0.15304	
-0.0744863	-0.0786228	-0.0777978	-0.0747191	
-0.00381868	-0.00614771	-0.00544554	-0.00316943	
0.000461867	-0.000752754	-0.000539544	0.000291028	

-0.152591	-0.151987	-0.153181	-0.156526	
-0.0787626	-0.0753413	-0.0776627	-0.0809523	
-0.00459148	-0.00494814	-0.00612945	-0.00307707	
-0.000162093	0.000509251	-0.00188006	0.0014278	

-0.153982	-0.154945	-0.152551	-0.156527	
-0.0793807	-0.0801641	-0.0770575	-0.0811005	
-0.00545866	-0.00508408	-0.00404541	-0.00461145	
-0.000285791	0.000249572	0.00157919	0.000749376	

-0.157835	-0.152675	-0.158312	-0.153416	
-0.0793009	-0.0781003	-0.0781379	-0.0781476	
-0.00411241	-0.00631697	-0.00370218	-0.00597013	
-0.000227055	-0.000223394	-0.000180675	-0.00094437	

-0.155345	-0.151119	-0.153921	-0.153651	
-0.0767115	-0.0745941	-0.0781564	-0.0754568	
-0.00494444	-0.00269101	-0.00613842	-0.00419344	
-0.000403376	0.000645469	0.000165167	-0.000752334	

-0.152412	-0.150783	-0.155732	-0.153156	
-0.079209	-0.0771136	-0.0803659	-0.0804122	
-0.00332675	-0.00412317	-0.00505298	-0.00542607	
0.00210446	0.00120957	-0.000402425	0.000562875	

-0.151819	-0.155296	-0.154308	-0.15194	
-0.0808428	-0.0789826	-0.0798288	-0.0761535	
-0.00477967	-0.00497302	-0.00520806	-0.00234674	
0.00187813	0.000322245	0.000956646	0.00159782	

-0.152312	-0.153341	-0.151224	-0.155251	
-0.0772049	-0.0757001	-0.0782104	-0.0797295	
-0.00410815	-0.00373107	-0.00557116	-0.00496785	
-5.85238e-05	0.00137881	0.000287486	0.00028704	

-0.156249	-0.151442	-0.155376	-0.154103	
-0.081734	-0.0744982	-0.0799805	-0.0792079	
-0.00663991	-0.00364127	-0.0047818	-0.00265074	
0.000731768	0.0012469	0.00144876	0.00346865	

-0.152528	-0.155938	-0.152875	-0.149013	
-0.076918	-0.0762983	-0.0764918	-0.0779096	
-0.00350446	-0.0049012	-0.00408925	-0.00670877	
0.00117468	-0.00115947	-0.00104357	-0.000513788	

-0.152153	-0.152575	-0.149913	-0.154664	
-0.0763122	-0.0739085	-0.0734074	-0.0763745	
-0.00451217	-0.0038028	-0.00562878	-0.00402161	
-0.000689252	-0.000328501	-0.00280194	-0.0015405	

-0.15316	-0.151486	-0.153574	-0.150933	
-0.0760968	-0.0797972	-0.0795005	-0.0790591	
-0.00526488	-0.00516087	-0.00408984	-0.00437471	
-0.000914472	0.00112057	0.00201632	0.000932895	

-0.153695	-0.159078	-0.151789	-0.15435	
-0.0798691	-0.0814959	-0.0804598	-0.0785281	
-0.00536454	-0.00299216	-0.00553193	-0.00442656	
7.44526e-05	0.0012805	-9.00531e-05	-0.000240753	

-0.15849	-0.154989	-0.155313	-0.155743	
-0.0798475	-0.0797503	-0.0789485	-0.0802719	
-0.00472571	-0.00491764	-0.00508538	-0.00481427	
-0.000354683	-0.000335417	-0.000129187	0.00130897	

-0.153297	-0.15256	-0.158457	-0.155742	
-0.0798252	-0.080094	-0.0807628	-0.0823379	
-0.00483204	-0.00585206	-0.00396741	-0.00413936	
7.19648e-05	-0.00039325	0.00112118	0.000129551	

-0.15277	-0.149693	-0.156762	-0.153443	
-0.077642	-0.0788731	-0.0805227	-0.0807481	
-0.00505996	-0.00592392	-0.00393472	-0.00400543	
0.000216397	0.000218483	0.000328521	0.00228707	

-0.151699	-0.151186	-0.155616	-0.153212	
-0.0770556	-0.0766963	-0.083026	-0.0766442	
-0.00304565	-0.00533599	-0.00755389	-0.00245383	
0.00132541	-0.000727478	-0.00104838	0.000434025	

-0.153802	-0.15176	-0.160234	-0.154423	
-0.0779513	-0.0779016	-0.0835749	-0.0796929	
-0.0036844	-0.00538053	-0.004502	-0.00754632	
0.000369966	0.00107776	0.000765532	-0.000993368	

-0.15396	-0.154842	-0.156365	-0.158442	
-0.0782416	-0.0791914	-0.0796484	-0.0791047	
-0.00594091	-0.00423104	-0.00584987	-0.00258299	
7.11465e-05	0.000732949	-0.000201133	0.000690768	

-0.155643	-0.154049	-0.154967	-0.152702	
-0.0799598	-0.0787713	-0.0796352	-0.0775735	
-0.00636707	-0.00573316	-0.00296754	-0.00429626	
-0.0011867	-0.000785409	0.000892011	0.000463375	

-0.15179	-0.153853	-0.155669	-0.153954	
-0.0782262	-0.0796002	-0.079029	-0.0783125	
-0.00513119	-0.00268669	-0.00413581	-0.00492055	
0.000202681	0.00281278	0.000706556	0.000508002	

-0.153023	-0.152048	-0.152057	-0.155099	
-0.0779531	-0.0781305	-0.0766976	-0.0778217	
-0.00483462	-0.00348545	-0.00437773	-0.0052006	
-0.000964214	0.000979297	-0.000364882	0.000244024	

-0.151013	-0.153987	-0.152693	-0.153279	
-0.0774605	-0.0778169	-0.0795438	-0.0781519	
-0.00332952	-0.00411989	-0.00731958	-0.00311876	
0.00161558	0.000509612	-0.00130567	-0.000168493	

-0.157224	-0.154086	-0.151492	-0.152951	
-0.0799035	-0.0788705	-0.0770785	-0.079023	
-0.00544815	-0.00617103	-0.00230408	-0.00463013	
-0.00143199	-0.000391317	0.00136181	-0.000558882	

-0.154642	-0.154249	-0.150632	-0.151935	
-0.0777434	-0.0760178	-0.0781736	-0.0767628	
-0.00423543	-0.00358442	-0.00470322	-0.00485285	
-2.22312e-05	0.00109498	0.00105418	-0.000670291	

-0.157539	-0.15578	-0.15302	-0.157636	
-0.0804663	-0.0827225	-0.0775283	-0.0829239	
-0.00279902	-0.00692843	-0.00393088	-0.00580404	
0.00185983	-5.49487e-05	0.000436274	0.00119809	

-0.157528	-0.151115	-0.157698	-0.153366	
-0.0841697	-0.0768013	-0.0805339	-0.0777102	
-0.00761439	-0.00354982	-0.00647773	-0.00154531	
-0.00164143	0.00044668	0.000265078	0.00107194	

-0.152564	-0.155064	-0.155721	-0.152072	
-0.0783381	-0.0809209	-0.0769237	-0.0775763	
-0.00402616	-0.00528106	-0.0043138	-0.00617123	
0.000696965	-0.000193499	-0.0014034	0.000698185	

-0.156342	-0.156012	-0.149736	-0.153873	
-0.0800029	-0.0774037	-0.0755676	-0.0801316	
-0.00502518	-0.00254657	-0.00447932	-0.00727754	
-0.000815773	0.000313829	-0.00149577	-0.00209271	

-0.150844	-0.154111	-0.152752	-0.152654	
-0.0784215	-0.0793827	-0.0771546	-0.0782092	
-0.00527106	-0.00470464	-0.00175106	-0.00617311	
-0.00080972	-0.000262791	0.000825576	-0.000531325	

-0.158245	-0.153052	-0.158219	-0.152049	
-0.0827171	-0.077254	-0.0809216	-0.0774435	
-0.00668918	-0.00432833	-0.00272291	-0.00401818	
-0.000953522	0.000645889	0.00222961	-0.00082784	

-0.152804	-0.153611	-0.153791	-0.151469	
-0.0771826	-0.0788251	-0.0797249	-0.0774089	
-0.00382445	-0.00568114	-0.00450573	-0.00361367	
0.000413365	0.000296546	0.000830912	0.00129131	

-0.150884	-0.155423	-0.156446	-0.152226	
-0.0777345	-0.0802712	-0.081506	-0.075937	
-0.00556415	-0.00484336	-0.0054166	-0.00207285	
0.00101242	-0.000723826	0.000327974	0.000958227	

-0.152972	-0.154937	-0.156907	-0.149638	
-0.078532	-0.0804887	-0.0823164	-0.0765924	
-0.0039474	-0.00477176	-0.00604415	-0.00481962	
-0.000457907	0.000582362	-6.68173e-05	-0.000323129	

-0.153375	-0.154451	-0.15424	-0.153096	
-0.0786002	-0.0801893	-0.078397	-0.0804999	
-0.00437228	-0.00514199	-0.00360459	-0.00485682	
-1.46131e-05	0.000730995	0.00169376	0.000144492	

-0.153205	-0.155621	-0.155505	-0.156182	
-0.0801672	-0.0813179	-0.0827007	-0.0805975	
-0.00363467	-0.00609778	-0.00472973	-0.00573749	
0.00012129	-0.000970822	-0.000259496	-0.000496223	

-0.154471	-0.154913	-0.153221	-0.156509	
-0.0806448	-0.0773677	-0.0785639	-0.0812826	
-0.00509848	-0.003948	-0.00555104	-0.00475294	
0.000167933	-0.000820031	-0.00102015	-0.000152811	

-0.15549	-0.1545	-0.155253	-0.154203	
-0.081759	-0.0770389	-0.0790865	-0.080811	
-0.00679954	-0.00295583	-0.005021	-0.0052241	
-0.00225612	2.14079e-05	-0.000622204	9.82841e-05	

-0.155519	-0.158197	-0.154115	-0.156037	
-0.0795988	-0.0807049	-0.0794192	-0.0768576	
-0.00545318	-0.0037889	-0.00661148	-0.00278768	
0.000117184	0.000966429	8.32426e-05	0.00220438	

-0.153395	-0.151633	-0.156553	-0.153473	
-0.0774377	-0.0764232	-0.0803958	-0.0787565	
-0.00361445	-0.00292431	-0.00537499	-0.00640182	
0.000354117	0.00158067	-0.000586337	-0.000590364	

-0.156374	-0.157175	-0.15408	-0.156287	
-0.079531	-0.0811579	-0.0788489	-0.0767032	
-0.00482622	-0.00450538	-0.00645603	-0.00348877	
0.000578697	-0.000322805	-0.000834739	-0.000512832	

-0.156823	-0.156301	-0.157581	-0.153554	
-0.0800636	-0.079001	-0.0800857	-0.0772542	
-0.00674281	-0.00580725	-0.00567504	-0.00299636	
-0.000712506	0.000320504	-0.000438106	0.00054711	

-0.151844	-0.154656	-0.153383	-0.151383	
-0.0788622	-0.0785056	-0.0794491	-0.07654	
-0.00561417	-0.00424592	-0.00544383	-0.00475739	
-0.00012459	0.000680756	0.000872807	0.000594641	

-0.152769	-0.150542	-0.154741	-0.153732	
-0.0784527	-0.0749277	-0.078885	-0.0784382	
-0.00536756	-0.00658328	-0.00271466	-0.00581427	
0.000855048	-0.00156324	0.00103837	-0.000304123	

-0.154255	-0.15266	-0.152507	-0.152172	
-0.0780568	-0.0787875	-0.0792517	-0.0764442	
-0.00523385	-0.00645992	-0.00472311	-0.00494797	
-0.000612277	-0.00016625	0.000707931	-0.000925928	

-0.153923	-0.156387	-0.158261	-0.152529	
-0.081149	-0.0806641	-0.0812533	-0.0804528	
-0.00426235	-0.00527512	-0.00564401	-0.00537958	
0.000352338	0.000378053	-0.00046914	0.000265788	

-0.148883	-0.153245	-0.156239	-0.15876	
-0.0787729	-0.0799513	-0.0822061	-0.0835735	
-0.00540624	-0.00472898	-0.00430577	-0.00545624	
0.00135595	0.000102369	0.00113652	0.00163092	

-0.155081	-0.154893	-0.156309	-0.157559	
-0.0800571	-0.0812871	-0.0807161	-0.0809055	
-0.00449265	-0.00629014	-0.00318701	-0.00574152	
-0.000704092	-0.000598001	0.000268492	-0.000378132	

-0.156549	-0.156112	-0.151495	-0.151484	
-0.080052	-0.0799114	-0.0774612	-0.0781073	
-0.00393527	-0.00468458	-0.00636192	-0.00367772	
0.00192468	0.00147824	3.57043e-05	0.00107451	

-0.154456	-0.157647	-0.156643	-0.156976	
-0.0772061	-0.0813899	-0.0777078	-0.0822461	
-0.00472847	-0.0049999	-0.00185675	-0.00747256	
-0.00101116	0.000819987	0.000555842	-0.000428652	

-0.15682	-0.152748	-0.155038	-0.15641	
-0.0803267	-0.0792678	-0.0800129	-0.0798537	
-0.00500752	-0.00476414	-0.00624796	-0.00345395	
0.000249862	0.00081944	5.79914e-05	0.00043076	

-0.155262	-0.151072	-0.159298	-0.152118	
-0.0803851	-0.0792395	-0.0814639	-0.0778711	
-0.00489213	-0.00552193	-0.00431123	-0.00392227	
-0.000236403	0.00044724	-3.77908e-05	0.001523	

-0.157007	-0.153888	-0.154314	-0.156016	
-0.0801728	-0.07911	-0.0821683	-0.0797956	
-0.00580945	-0.0030579	-0.00676383	-0.00316876	
0.000274227	0.00181843	-0.000402996	0.000435514	

-0.153187	-0.15459	-0.157252	-0.151925	
-0.0784762	-0.0797009	-0.0790641	-0.0801342	
-0.00528532	-0.00496857	-0.002297	-0.00628508	
0.000519585	0.000830655	0.00107668	-0.00037255	

-0.153939	-0.155109	-0.151691	-0.153043	
-0.0788992	-0.0801819	-0.0775008	-0.0805882	
-0.0050535	-0.00373323	-0.00489933	-0.00429912	
0.000599601	0.000259863	-0.000579627	0.00024671	

-0.157475	-0.156458	-0.149624	-0.150689	
-0.0833259	-0.0821468	-0.0770457	-0.0769977	
-0.00362107	-0.00679311	-0.00585518	-0.00405019	
0.0015709	0.00147503	0.000728944	0.00180568	

-0.153891	-0.152225	-0.151127	-0.151575	
-0.0794637	-0.0783392	-0.0775073	-0.0802199	
-0.0052578	-0.00483226	-0.00322578	-0.00580878	
0.000158059	0.000648568	0.000947046	-0.00100448	

-0.151219	-0.150751	-0.157108	-0.149575	
-0.0800299	-0.0780997	-0.0807564	-0.0778568	
-0.00465129	-0.0051919	-0.00511263	-0.00330263	
0.000553738	7.65883e-05	2.00401e-05	0.00189392	

-0.156064	-0.1527	-0.153193	-0.158451	
-0.079345	-0.080498	-0.0830364	-0.0797143	
-0.00496482	-0.004386	-0.00648381	-0.00199214	
0.000333007	0.00095307	-0.000891252	0.00186536	

-0.156187	-0.153424	-0.156647	-0.155346	
-0.0806988	-0.0795951	-0.0809771	-0.0822568	
-0.0029422	-0.00437211	-0.00475961	-0.00637145	
0.00100485	0.000268869	0.000224006	-0.000180814	

-0.157008	-0.151751	-0.153088	-0.151436	
-0.0799337	-0.0802302	-0.0803273	-0.0769325	
-0.00468835	-0.00492052	-0.00325368	-0.00525397	
0.000529172	-0.000256608	0.0014369	-0.000735125	

-0.153633	-0.159209	-0.157377	-0.15033	
-0.0797428	-0.0817967	-0.0799183	-0.0772554	
-0.00528296	-0.00606962	-0.00338863	-0.00391971	
-0.00125153	-0.000750778	-0.00130652	0.00146387	

-0.158316	-0.15611	-0.15491	-0.153387	
-0.0801569	-0.0810209	-0.0783123	-0.0788023	
-0.0035454	-0.00431024	-0.00617258	-0.00419399	
-0.000608272	0.000712778	-0.000872236	-0.000233066	

-0.153703	-0.152747	-0.153534	-0.15226	
-0.0790014	-0.078831	-0.0792968	-0.0763721	
-0.00395315	-0.00531719	-0.00396927	-0.00434609	
-0.00105812	-7.71393e-05	-0.000725727	-0.000139367	

-0.152566	-0.155374	-0.149779	-0.152753	
-0.0791879	-0.0774512	-0.0774812	-0.0769329	
-0.00460192	-0.00176978	-0.00731633	-0.00407503	
-0.000325574	0.00191307	-0.000479293	-5.94914e-05	

-0.154831	-0.149765	-0.152534	-0.151819	
-0.0821933	-0.0791946	-0.079656	-0.0782432	
-0.00570351	-0.00669983	-0.00356633	-0.00335767	
0.000783199	0.00132006	0.00153866	0.00280907	

-0.150769	-0.158655	-0.150115	-0.153691	
-0.0756518	-0.0817603	-0.0764921	-0.0788204	
-0.00327823	-0.00462584	-0.00531439	-0.00492212	
0.000637597	0.000444463	-0.000588731	0.000482597	

-0.156371	-0.152158	-0.150673	-0.155543	
-0.0829225	-0.0805359	-0.0751131	-0.0796774	
-0.00626227	-0.00602375	-0.00335855	-0.00453618	
-0.000457207	0.000286646	7.21443e-05	0.00109187	

-0.154783	-0.15259	-0.155054	-0.157663	
-0.0812468	-0.0778373	-0.0772765	-0.0835654	
-0.00646206	-0.00463024	-0.00411746	-0.00465909	
-0.000739328	-0.000840422	0.000153487	-0.000301225	

-0.152804	-0.150126	-0.154836	-0.149454	
-0.0789327	-0.0774886	-0.0766388	-0.0767062	
-0.00412385	-0.00593267	-0.00422818	-0.00514307	
0.00100286	0.000402857	-0.00161302	0.000147034	

-0.151563	-0.152712	-0.152728	-0.160081	
-0.0762919	-0.0768783	-0.0737918	-0.0798625	
-0.00732796	-0.00317621	-0.00547613	-0.00252742	
-0.00261351	-0.00118237	-0.000309376	0.000340927	

-0.153935	-0.150749	-0.153438	-0.15153	
-0.0800312	-0.0795427	-0.0766678	-0.0783112	
-0.00471867	-0.00523705	-0.00336643	-0.00556634	
-0.00120575	0.0004039	-0.000433268	-0.00168918	

-0.153161	-0.155699	-0.15111	-0.155268	
-0.0784173	-0.079495	-0.0791986	-0.0800218	
-0.00413123	-0.00356684	-0.00603449	-0.00558931	
0.000776951	-0.0011021	-2.07585e-05	-0.00141002	

-0.154978	-0.155041	-0.15779	-0.151147	
-0.0810537	-0.0816247	-0.0822102	-0.0803075	
-0.00469363	-0.00665793	-0.00383598	-0.00627166	
0.000175714	-0.00059226	0.000916532	-0.000743204	

-0.152335	-0.155817	-0.152652	-0.156117	
-0.0808113	-0.0781512	-0.0821507	-0.0824636	
-0.00393749	-0.00370115	-0.00749263	-0.00336179	
0.000345685	-0.000729266	-0.000534382	0.000407644	

-0.155325	-0.152313	-0.15628	-0.15592	
-0.0792148	-0.0799871	-0.0780512	-0.0774576	
-0.00754819	-0.00541739	-0.00268883	-0.0044324	
-0.00237842	-5.49838e-05	0.000634842	-0.000516988	

-0.155734	-0.158162	-0.155365	-0.155242	
-0.0788209	-0.0828707	-0.0798558	-0.0775228	
-0.00299005	-0.00557254	-0.00561032	-0.00476177	
0.000820993	-0.00172427	-0.000127983	-0.0014388	

-0.15824	-0.153869	-0.155686	-0.154616	
-0.0810645	-0.0795443	-0.0803741	-0.0802449	
-0.00325426	-0.00549879	-0.0034691	-0.00689922	
-0.000313456	-0.000309466	0.000467738	-0.000963526	

-0.157875	-0.150272	-0.154094	-0.154066	
-0.0791224	-0.0763007	-0.0790073	-0.0765317	
-0.00345024	-0.00470183	-0.00647667	-0.00368616	
0.00234893	0.00101822	-0.000715859	0.000991662	

-0.151334	-0.151675	-0.157878	-0.154391	
-0.0762196	-0.0787424	-0.0817442	-0.0801259	
-0.0022796	-0.00431203	-0.00681942	-0.0058438	
0.00185612	0.00167845	-0.00111071	0.00102052	

-0.152522	-0.149418	-0.154954	-0.151549	
-0.0765058	-0.0771866	-0.075932	-0.0787534	
-0.00317783	-0.0058835	-0.00355905	-0.00586621	
-9.1988e-05	-0.00146195	-0.000207007	-0.00152239	

-0.153838	-0.149643	-0.152818	-0.154717	
-0.079126	-0.0755	-0.078429	-0.0790775	
-0.00491045	-0.0043335	-0.00513305	-0.00496326	
-0.00031162	-0.00010328	-0.00192215	0.000249425	

-0.157263	-0.152935	-0.15227	-0.152144	
-0.0815949	-0.0805949	-0.0812203	-0.0741715	
-0.00549539	-0.00425732	-0.00556928	-0.00273361	
-0.000985199	0.00078964	0.000279168	-0.00102348	

-0.155891	-0.154746	-0.154294	-0.155376	
-0.0812104	-0.0785736	-0.079068	-0.0798607	
-0.0044898	-0.00363747	-0.00547784	-0.00532152	
-0.00118209	0.000557173	-0.0012368	-0.00039578	

-0.148157	-0.157547	-0.153976	-0.151875	
-0.074399	-0.0790124	-0.0758529	-0.0752972	
-0.00348427	-0.00298422	-0.00734563	-0.00299413	
-0.000542092	-0.000723413	-0.00290216	-0.000190562	

-0.150171	-0.147779	-0.153171	-0.151415	
-0.0768835	-0.07696	-0.0776939	-0.0772083	
-0.003705	-0.00649283	-0.00378583	-0.00490448	
2.3706e-05	-0.00106716	3.2978e-05	9.83204e-05	

-0.155112	-0.151776	-0.150711	-0.154477	
-0.0761025	-0.0775557	-0.077927	-0.0769788	
-0.00402436	-0.0049302	-0.00387902	-0.00427814	
-0.000101506	0.000165158	0.000648706	-0.000643099	

-0.153922	-0.155266	-0.156038	-0.152987	
-0.0793316	-0.0794118	-0.0792638	-0.0794617	
-0.00517406	-0.00479084	-0.00318508	-0.0067171	
-0.000466454	0.000212868	0.00117075	0.000118558	

-0.155921	-0.151468	-0.154339	-0.152897	
-0.0834636	-0.0764559	-0.0788154	-0.0780461	
-0.00638061	-0.00460835	-0.00573572	-0.00264467	
0.00136835	-0.000447097	-0.000114088	0.000921227	

-0.153031	-0.153093	-0.155336	-0.154042	
-0.0777784	-0.0789245	-0.0825669	-0.0813579	
-0.00553221	-0.00407093	-0.00467846	-0.00558556	
-0.00191592	0.000108011	0.00034246	-0.000676369	

-0.152164	-0.153439	-0.15119	-0.15806	
-0.078922	-0.0788333	-0.0754176	-0.0789487	
-0.00545875	-0.00552767	-0.00260244	-0.00435388	
6.89481e-05	0.00046541	0.000606596	0.00154638	

-0.153026	-0.152913	-0.154213	-0.154247	
-0.0790198	-0.079413	-0.0775001	-0.080691	
-0.00390609	-0.00485223	-0.0058403	-0.00482663	
0.000882538	0.000438692	-0.00167152	0.000830498	

-0.153215	-0.153051	-0.153209	-0.151369	
-0.0801448	-0.077568	-0.0793485	-0.0789538	
-0.00339763	-0.00529123	-0.00670869	-0.00319213	
8.15311e-05	-0.000659392	-9.48363e-05	0.000979101	

-0.156532	-0.150071	-0.153634	-0.152953	
-0.0787734	-0.0799356	-0.0828869	-0.0797749	
-0.00195881	-0.00600502	-0.00726409	-0.0055835	
0.000477655	0.00055576	0.000255482	0.000502907	

-0.152624	-0.157148	-0.150702	-0.154917	
-0.0793705	-0.0814948	-0.0774015	-0.0776056	
-0.00603554	-0.0039266	-0.00431031	-0.00445936	
0.00031645	0.00173021	0.000864941	-0.000205878	

-0.156716	-0.154185	-0.154511	-0.154581	
-0.0806589	-0.0793888	-0.0789253	-0.0829355	
-0.00627205	-0.00377117	-0.00280998	-0.00708285	
-0.00137214	0.001094	0.00165442	1.57206e-05	

-0.154223	-0.152671	-0.159515	-0.158362	
-0.0803619	-0.0770306	-0.0812371	-0.0798931	
-0.00448849	-0.00567121	-0.00517117	-0.00415999	
0.00112001	-0.00100241	-0.000395838	-0.000642935	

-0.156697	-0.151115	-0.151606	-0.153737	
-0.078256	-0.0769619	-0.0757304	-0.0776037	
-0.00516171	-0.00549088	-0.00414529	-0.00371087	
-0.00229473	-0.0010239	-0.00110228	-0.000488548	

-0.158328	-0.155337	-0.15261	-0.15362	
-0.0752531	-0.0799312	-0.0770109	-0.0751021	
-0.00426635	-0.00401752	-0.00507279	-0.00471217	
-0.0020258	0.000469861	-0.0017764	-0.00107444	

-0.153304	-0.153405	-0.157364	-0.155145	
-0.0774315	-0.0776982	-0.0793396	-0.0806552	
-0.0035686	-0.0047576	-0.00508527	-0.00638424	
0.000172746	-0.0003918	-0.00085106	-0.00172065	

-0.15699	-0.153639	-0.154846	-0.159244	
-0.078228	-0.0782264	-0.0782881	-0.0817476	
-0.0034916	-0.00493713	-0.00423814	-0.00600562	
-0.00130211	-0.000896821	4.12158e-05	-0.00132619	

-0.155874	-0.153261	-0.156813	-0.152922	
-0.080714	-0.0792601	-0.0792598	-0.0790024	
-0.00416838	-0.00568265	-0.00371183	-0.00613572	
0.000136259	0.00067389	8.01051e-05	-0.000450563	

-0.157788	-0.149711	-0.153921	-0.15187	
-0.0796905	-0.0765702	-0.0767139	-0.0769328	
-0.0039508	-0.00505498	-0.00451097	-0.00501449	
0.00123741	-0.00125537	0.000239123	-0.000371363	

-0.154451	-0.155757	-0.154362	-0.151712	
-0.0791697	-0.081473	-0.0798635	-0.0796646	
-0.00329306	-0.00656623	-0.00436167	-0.00645165	
0.00177335	0.000183061	-0.000129265	4.53136e-05	

-0.157053	-0.156226	-0.152065	-0.158081	
-0.081987	-0.0811627	-0.0797734	-0.0811161	
-0.00592875	-0.00389284	-0.0037424	-0.00514367	
-0.000369455	0.00147427	0.00238788	-0.000551386	

-0.153611	-0.151606	-0.154581	-0.152317	
-0.0796893	-0.0803672	-0.0812118	-0.0771243	
-0.00489772	-0.00395681	-0.00580894	-0.00397199	
0.000547466	0.00155859	-0.00124478	0.00118375	

-0.151649	-0.155472	-0.155421	-0.151786	
-0.0768003	-0.0782266	-0.0824178	-0.0791969	
-0.0038295	-0.00414305	-0.00676683	-0.00338726	
0.000281688	-0.00127033	-5.85244e-05	0.00258428	

-0.152765	-0.151833	-0.154733	-0.153859	
-0.0787027	-0.0783607	-0.0797143	-0.0795015	
-0.00448136	-0.00533507	-0.00491445	-0.00506647	
-0.00169483	-2.11434e-05	0.00020982	-0.000506414	

-0.154792	-0.155129	-0.151907	-0.153592	
-0.0756789	-0.0783048	-0.0788447	-0.0777505	
-0.00572999	-0.00235794	-0.0059363	-0.00414009	
-0.0014923	0.00241828	0.000534058	-5.90349e-05	

-0.154186	-0.153134	-0.155185	-0.151912	
-0.0785173	-0.0772072	-0.0783279	-0.0749639	
-0.00572527	-0.00526367	-0.00442413	-0.00374742	
0.000253763	0.000995115	-0.000180403	-0.000111701	

-0.153449	-0.148937	-0.155069	-0.157105	
-0.0766109	-0.0809454	-0.0813468	-0.074698	
-0.00380794	-0.00640578	-0.00508443	-0.00251076	
0.00136287	0.000174995	0.000813347	-0.00133771	

-0.154107	-0.15267	-0.156887	-0.155734	
-0.0782369	-0.0787687	-0.0797689	-0.0790963	
-0.00570183	-0.00369795	-0.00391226	-0.00616021	
-0.00230478	0.000982776	0.000623627	-0.00118533	

-0.148703	-0.156937	-0.154766	-0.155944	
-0.0770413	-0.0804227	-0.0783216	-0.0779712	
-0.0040483	-0.00554115	-0.00577384	-0.0030874	
0.00137265	-0.00241367	-0.00124006	-6.1381e-05	

-0.153517	-0.151104	-0.150656	-0.149969	
-0.0799015	-0.079586	-0.0795656	-0.0793667	
-0.00190174	-0.00578665	-0.00568489	-0.00530041	
0.00207273	0.000756773	7.91995e-05	0.00125382	

-0.150052	-0.15393	-0.150195	-0.15209	
-0.0780078	-0.0765956	-0.0777574	-0.0769317	
-0.00490917	-0.00127066	-0.00704931	-0.00591707	
5.69435e-05	0.00108644	-0.00172915	-0.000899669	

-0.152196	-0.154406	-0.15479	-0.153933	
-0.0763369	-0.0776751	-0.0802271	-0.0778313	
-0.00355272	-0.00547684	-0.00485906	-0.00522094	
-0.000334114	-0.000924797	0.000273172	0.000179893	

-0.150979	-0.158764	-0.157458	-0.155665	
-0.0772937	-0.0815186	-0.0808332	-0.0802356	
-0.00518459	-0.00595452	-0.00416178	-0.0039068	
6.28434e-05	0.000789629	0.000662862	0.00113297	

-0.154392	-0.155393	-0.15769	-0.152927	
-0.0814791	-0.0795994	-0.0808583	-0.0787814	
-0.00485699	-0.00436242	-0.00695124	-0.00374331	
1.80637e-06	0.000407632	-0.00125633	0.00212042	

-0.155355	-0.153633	-0.154091	-0.154599	
-0.0787942	-0.0778541	-0.0809915	-0.0806348	
-0.00467983	-0.0045046	-0.00649197	-0.00433356	
-0.000716616	0.000624604	0.00123451	0.00153539	

-0.155076	-0.152746	-0.151913	-0.156669	
-0.081954	-0.0796678	-0.0787914	-0.0811779	
-0.00536175	-0.00453236	-0.00610119	-0.00463124	
-0.000196618	0.00157084	7.76638e-05	0.00172017	

-0.154533	-0.154227	-0.15597	-0.151702	
-0.0780215	-0.0769045	-0.0828281	-0.0781638	
-0.00613222	-0.00371881	-0.0055214	-0.00344736	
-0.000390217	0.000691549	0.000309736	0.00116048	

-0.152729	-0.151628	-0.152824	-0.149842	
-0.0770495	-0.0781084	-0.0772118	-0.075945	
-0.00570101	-0.00525773	-0.0022149	-0.00542226	
-0.00114582	-0.000289354	0.000806636	-0.000792413	

-0.149861	-0.153318	-0.150193	-0.150981	
-0.0760008	-0.0775091	-0.0785913	-0.0772213	
-0.0049488	-0.00346251	-0.00443123	-0.0040128	
-0.00154454	-0.00146427	-0.000370922	-0.000190771	

-0.155372	-0.152957	-0.150151	-0.14787	
-0.0782623	-0.0808924	-0.0782197	-0.0762796	
-0.00263067	-0.00538666	-0.00586545	-0.00353782	
0.000275964	0.000644043	-0.00132555	0.000465959	

-0.154363	-0.154523	-0.153036	-0.154047	
-0.0783457	-0.0773093	-0.0787953	-0.0810664	
-0.00337519	-0.00255237	-0.00657889	-0.00624271	
0.00221684	0.00183434	-0.000414801	0.000970524	

-0.153732	-0.155057	-0.156622	-0.151183	
-0.0780394	-0.0817171	-0.0812755	-0.0786891	
-0.00157268	-0.00646053	-0.0051619	-0.00520658	
0.00183746	0.00137065	-9.82456e-06	0.00169946	

-0.153918	-0.154722	-0.152243	-0.155135	
-0.0784011	-0.0759161	-0.0780954	-0.0811825	
-0.00451094	-0.0033574	-0.00487326	-0.00590527	
0.00162537	-0.00136804	0.00159782	-0.000404824	

-0.152604	-0.154682	-0.151914	-0.154892	
-0.0794027	-0.0828012	-0.0772086	-0.083379	
-0.00272264	-0.00589398	-0.0046579	-0.00612269	
0.00218753	-0.000431538	-0.0013618	0.0017273	

-0.155922	-0.150657	-0.152078	-0.155115	
-0.0813037	-0.0761704	-0.0795251	-0.0790884	
-0.0060358	-0.00495747	-0.00703729	-0.00114975	
3.89686e-05	-0.00188714	-0.000240913	0.00263142	

-0.15301	-0.1511	-0.151985	-0.154988	
-0.0771261	-0.0768207	-0.0776814	-0.0801186	
-0.00400258	-0.00680797	-0.00416571	-0.00477005	
-0.000327489	-0.000898059	0.000145253	0.000706753	

-0.155482	-0.154204	-0.156073	-0.150738	
-0.0791601	-0.0760472	-0.0808299	-0.0766021	
-0.00691917	-0.00247205	-0.00625577	-0.00226719	
-0.000832278	0.000809586	-0.00106926	0.00169917	

-0.154698	-0.154538	-0.155107	-0.155428	
-0.0768716	-0.0802627	-0.0792296	-0.0780958	
-0.00444466	-0.00585734	-0.00524759	-0.00446219	
-0.000744527	-0.000533192	-0.00112289	-2.04115e-05	

-0.155883	-0.153639	-0.156274	-0.154024	
-0.0802578	-0.0785489	-0.081119	-0.0794822	
-0.0055914	-0.00396477	-0.00512985	-0.00368435	
-0.00024922	5.06867e-05	0.000477246	1.35291e-05	

-0.156629	-0.151614	-0.157921	-0.154372	
-0.0804225	-0.078171	-0.0804966	-0.0788867	
-0.00633597	-0.00509648	-0.00409522	-0.00503733	
-0.00113492	0.000427193	0.000418593	-0.000659848	

-0.152955	-0.155145	-0.153324	-0.152992	
-0.0771152	-0.0798102	-0.0774624	-0.0796797	
-0.0062495	-0.00410681	-0.00460341	-0.00384658	
-0.000375577	0.000243907	0.000512335	0.00102712	

-0.155495	-0.152976	-0.155442	-0.156349	
-0.0807052	-0.0798491	-0.0794885	-0.0805463	
-0.00556558	-0.00457181	-0.00395707	-0.00626572	
-0.00128576	0.00227422	-0.000132775	0.00032103	

-0.153688	-0.153077	-0.152062	-0.15502	
-0.0791867	-0.0775306	-0.0769676	-0.0789447	
-0.00564468	-0.00482254	-0.00332017	-0.0050724	
-0.000277591	0.000422672	0.00137198	-0.000232392	

-0.151108	-0.149737	-0.155577	-0.154356	
-0.0770378	-0.0793135	-0.0788282	-0.0792832	
-0.00455946	-0.00379625	-0.00504924	-0.00534417	
-0.000361155	0.00130405	-0.000815172	0.000309664	

-0.152123	-0.153166	-0.153035	-0.155341	
-0.0776825	-0.078098	-0.0782498	-0.0788619	
-0.004603	-0.00353495	-0.00565938	-0.00535998	
0.000659815	-1.65981e-06	-0.000677959	0.000121684	

-0.155009	-0.153381	-0.153173	-0.151199	
-0.0802787	-0.0802814	-0.0780355	-0.0796556	
-0.00207146	-0.00494211	-0.00576717	-0.00744367	
0.00135012	0.000623951	-0.0012288	-0.000832091	

-0.152806	-0.153286	-0.157664	-0.152754	
-0.0774943	-0.0781245	-0.0836987	-0.0758381	
-0.00646802	-0.0046722	-0.00612317	-0.00135022	
5.16723e-05	0.000852045	7.41321e-05	0.00216332	

-0.156301	-0.150331	-0.156337	-0.1545	
-0.0798098	-0.0776257	-0.0787963	-0.0804358	
-0.00452483	-0.00556524	-0.00275144	-0.00689885	
0.000965253	4.5767e-05	0.000605075	0.000265003	

-0.151091	-0.152861	-0.154472	-0.15315	
-0.0787726	-0.0751844	-0.0772977	-0.0806778	
-0.00454638	-0.00121719	-0.00661313	-0.00569035	
0.00180365	0.00205058	0.000120994	-0.000573933	

-0.153257	-0.152642	-0.154196	-0.151099	
-0.0780685	-0.079842	-0.0789992	-0.0790542	
-0.00393122	-0.00517857	-0.00542396	-0.00536462	
0.000491317	0.000261705	-0.000650768	-0.000121573	

-0.155318	-0.153985	-0.151049	-0.152104	
-0.0806877	-0.0783246	-0.077106	-0.0781063	
-0.00560783	-0.00505029	-0.00345194	-0.00474282	
-0.000247451	0.000170901	0.000599689	-0.00075405	

-0.153656	-0.153113	-0.153332	-0.153769	
-0.079716	-0.0763862	-0.075798	-0.0770242	
-0.005162	-0.00485657	-0.00360615	-0.00616392	
-0.000450781	-0.000550404	0.000222026	-0.000813026	

-0.152404	-0.154606	-0.149371	-0.153464	
-0.0760063	-0.0762008	-0.0748866	-0.0788859	
-0.00417169	-0.00364448	-0.00567702	-0.00557185	
-0.000489173	-0.00131774	-0.00142299	-0.000643466	

-0.155576	-0.15242	-0.158453	-0.156909	
-0.0792929	-0.0785046	-0.0800503	-0.0812241	
-0.00223492	-0.00460235	-0.0058242	-0.00618928	
0.000703534	0.00163935	-0.000130718	0.00158222	

-0.156953	-0.155212	-0.156334	-0.153457	
-0.07991	-0.0779542	-0.0818129	-0.0785521	
-0.0042261	-0.00409391	-0.00533871	-0.00620867	
0.000528292	0.000205767	0.000132328	-0.00116739	

-0.154716	-0.148816	-0.155532	-0.15532	
-0.0833033	-0.0783343	-0.0832089	-0.0830102	
-0.0028433	-0.00485198	-0.0061462	-0.00576874	
0.00164493	0.00108845	-1.58389e-05	0.0016133	

-0.151456	-0.151318	-0.150744	-0.154036	
-0.0787546	-0.0752521	-0.0791108	-0.0790051	
-0.00452667	-0.00457868	-0.00476895	-0.00434094	
0.000276834	0.00025394	0.000249627	-0.000388205	

-0.156327	-0.153902	-0.158339	-0.151368	
-0.0804771	-0.0782887	-0.0812506	-0.081556	
-0.00450221	-0.00481405	-0.0038298	-0.00539673	
0.000893521	0.000848041	-0.000269856	0.000927459	

-0.155967	-0.155248	-0.153528	-0.155583	
-0.080161	-0.0790352	-0.0750381	-0.081078	
-0.00582054	-0.00527563	-0.00372626	-0.00405116	
9.0181e-05	-0.000155287	0.000465484	0.000235364	

-0.157496	-0.154768	-0.153877	-0.15186	
-0.0787188	-0.0786335	-0.0796951	-0.0772047	
-0.00480828	-0.00448175	-0.00675418	-0.00295848	
-0.00146693	0.000177641	-0.000129185	0.00147658	

-0.153624	-0.155223	-0.155797	-0.154876	
-0.0783204	-0.0808661	-0.0784046	-0.0778385	
-0.00407989	-0.00396219	-0.0048606	-0.00406075	
0.000256318	-0.000450398	0.000800519	0.00108251	

-0.154588	-0.155927	-0.155208	-0.149352	
-0.0806908	-0.0782773	-0.0777015	-0.0765759	
-0.00577286	-0.0034488	-0.0041482	-0.00624522	
-0.000430913	0.000280854	-0.00105265	-0.000735963	

-0.152239	-0.153223	-0.152975	-0.154707	
-0.0796443	-0.0817671	-0.0789952	-0.0792664	
-0.00286494	-0.00710421	-0.00383407	-0.00452969	
0.000954199	-8.11827e-05	0.000662637	-0.00186339	

-0.155943	-0.151043	-0.149408	-0.152642	
-0.08303	-0.0777858	-0.0776348	-0.0803556	
-0.00615012	-0.00430515	-0.00345361	-0.00531967	
-0.000528262	0.00125071	-0.000944319	0.000310202	

-0.151597	-0.154345	-0.152936	-0.149866	
-0.0779638	-0.0790761	-0.0801047	-0.0762429	
-0.00540832	-0.00379989	-0.00454686	-0.00489468	
-0.000515161	-0.0001153	3.5816e-05	-0.00198027	

-0.156608	-0.153795	-0.155824	-0.152511	
-0.0790634	-0.0796526	-0.0822618	-0.0798309	
-0.00294451	-0.00643039	-0.00558429	-0.00510026	
6.77166e-05	-0.00109573	-0.000971562	0.000145061	

-0.152951	-0.151606	-0.15571	-0.152737	
-0.0784555	-0.0797385	-0.0798845	-0.0759894	
-0.00485769	-0.00361115	-0.00743592	-0.00366512	
0.000131636	-0.000141539	-0.001593	-0.000335867	

-0.151749	-0.151116	-0.152721	-0.151587	
-0.0763502	-0.0770542	-0.0773311	-0.0781286	
-0.00505739	-0.00351317	-0.00461951	-0.00391567	
-0.00122772	0.000887578	0.000198096	0.00098652	

-0.151316	-0.151501	-0.150011	-0.155993	
-0.0784659	-0.0752133	-0.0735077	-0.0810929	
-0.00518914	-0.00480804	-0.00253879	-0.00414437	
-0.000727759	-0.00144185	-0.000700992	0.000474649	

-0.151798	-0.152098	-0.150758	-0.156727	
-0.0760238	-0.0802659	-0.0779559	-0.0805795	
-0.00377696	-0.00466661	-0.00454888	-0.00534678	
-0.000686244	-0.000653207	-0.000605533	-0.00102344	

-0.151303	-0.153724	-0.15452	-0.15326	
-0.0791132	-0.0761259	-0.0782912	-0.0769335	
-0.00554106	-0.00242794	-0.00544045	-0.00355303	
0.00067802	0.00168237	-0.000334831	0.000247037	

-0.153661	-0.148649	-0.154277	-0.151317	
-0.0788622	-0.077281	-0.0788141	-0.0784867	
-0.00486461	-0.00790562	-0.00309451	-0.00316401	
-0.00133248	-0.000591245	0.000830845	0.00324339	

-0.157896	-0.15325	-0.157315	-0.153663	
-0.080847	-0.0782067	-0.0781016	-0.0773767	
-0.00498721	-0.00358434	-0.00494058	-0.0048441	
0.000745575	0.000579118	0.000386124	-0.000337736	

-0.154775	-0.15317	-0.155672	-0.151251	
-0.0781805	-0.0781315	-0.0797864	-0.0780264	
-0.00455155	-0.00395573	-0.00453099	-0.00371417	
0.000109518	0.000265704	-9.14774e-05	0.000769202	

-0.160095	-0.158485	-0.153735	-0.154997	
-0.0839717	-0.0795071	-0.0817328	-0.0760054	
-0.00874355	-0.00387314	-0.00486443	-0.000871243	
-0.00221634	0.000541463	0.00126088	0.00188153	

-0.156069	-0.153548	-0.157285	-0.155522	
-0.0780413	-0.0773741	-0.0790641	-0.0809361	
-0.00416681	-0.00631653	-0.00403605	-0.00509006	
-0.00165665	-0.00127472	-0.00141669	0.00147042	

-0.155743	-0.152776	-0.155832	-0.151939	
-0.0771146	-0.0758929	-0.0819028	-0.0763914	
-0.0028996	-0.00425844	-0.00768628	-0.0036534	
0.000919162	0.000231299	-0.000294687	0.00110483	

-0.152167	-0.156591	-0.15687	-0.158005	
-0.0771094	-0.0792916	-0.0806861	-0.0813626	
-0.00615015	-0.00358739	-0.00568353	-0.00357974	
-0.00250133	6.85115e-06	-0.0012398	0.000196479	

-0.152926	-0.15434	-0.154937	-0.156055	
-0.0759276	-0.0761818	-0.0809237	-0.0784325	
-0.00423348	-0.00382876	-0.00787134	-0.00241328	
-0.000991397	-0.00162052	-0.00139145	0.000338343	

-0.155054	-0.149777	-0.151117	-0.154011	
-0.0798785	-0.0769856	-0.0783991	-0.0783163	
-0.0046432	-0.00396768	-0.00631626	-0.00407831	
-0.000676864	0.000147018	-0.00111313	0.000446203	

-0.155685	-0.152049	-0.15365	-0.1529	
-0.0782287	-0.07725	-0.0792792	-0.0785285	
-0.00574177	-0.00419141	-0.00658693	-0.00254244	
-0.000686316	-5.05488e-05	-0.000627853	0.000990584	

-0.15541	-0.150813	-0.152895	-0.151857	
-0.0782735	-0.0780477	-0.0765769	-0.078628	
-0.00418909	-0.00703513	-0.00182829	-0.00597452	
-0.000259642	-0.0012964	0.00219868	-0.000799981	

-0.153463	-0.153574	-0.153316	-0.154642	
-0.0798344	-0.0777227	-0.0807282	-0.0782949	
-0.00557922	-0.00223616	-0.00556144	-0.00371308	
0.000684253	0.00193833	0.00210172	0.00128703	

-0.15383	-0.15222	-0.157997	-0.150671	
-0.0792099	-0.0770361	-0.0802163	-0.077313	
-0.00399783	-0.00354353	-0.00521435	-0.0049587	
6.91601e-05	0.001511	0.000510653	0.000923141	

-0.155965	-0.153825	-0.152757	-0.152093	
-0.0787899	-0.0776768	-0.0765528	-0.0774276	
-0.00272885	-0.00407587	-0.00376093	-0.00650271	
0.000784799	0.000321879	0.00266726	-0.000831019	

-0.15452	-0.154841	-0.154704	-0.153091	
-0.0789443	-0.0795403	-0.0789681	-0.0783247	
-0.0051009	-0.0029001	-0.00319287	-0.00725116	
-0.00115768	0.00297402	0.000114425	-0.00110524	

-0.156869	-0.151254	-0.156495	-0.153406	
-0.0820163	-0.0779811	-0.0792327	-0.0791282	
-0.00643248	-0.00403241	-0.00453916	-0.00248746	
-0.000674518	0.00139323	-0.000556155	0.00170012	

-0.154287	-0.153845	-0.152341	-0.155363	
-0.0794182	-0.0801695	-0.0765111	-0.0798452	
-0.00445641	-0.00696549	-0.0050245	-0.00365452	
-6.27866e-06	0.000437542	-0.000264419	0.000116592	

-0.154746	-0.156556	-0.151246	-0.156868	
-0.0760468	-0.0782929	-0.0754869	-0.0770662	
-0.00414556	-0.00429532	-0.0043449	-0.00524839	
-0.000101455	0.000169799	-0.00176355	-0.000828934	

-0.15355	-0.155153	-0.152556	-0.154604	
-0.0796618	-0.0773854	-0.0771608	-0.0789026	
-0.00658621	-0.00575038	-0.00312585	-0.00298603	
-0.00232279	-0.000852095	0.00030679	0.0011672	

-0.152897	-0.152905	-0.154604	-0.154619	
-0.0781078	-0.0807324	-0.0807013	-0.0789052	
-0.00496369	-0.00501443	-0.00617658	-0.0025057	
-0.000280228	-0.000282711	0.000276652	0.00114199	

-0.152458	-0.154521	-0.15273	-0.151543	
-0.0781391	-0.0807805	-0.0792883	-0.0799482	
-0.00524967	-0.00688092	-0.00173291	-0.00601747	
-0.000498483	-0.000449383	0.00280048	0.000938998	

-0.153473	-0.15467	-0.155843	-0.157178	
-0.0783784	-0.0780861	-0.0846511	-0.083896	
-0.00396539	-0.00315346	-0.00647132	-0.0055336	
0.000834829	0.000681946	0.000889686	0.000410077	

-0.154357	-0.152173	-0.156212	-0.152315	
-0.0812259	-0.0795397	-0.0822566	-0.080701	
-0.00400188	-0.006504	-0.00444332	-0.00518227	
0.0010709	-0.000377732	-0.000245703	0.000536779	

-0.154723	-0.151312	-0.154622	-0.154471	
-0.0814279	-0.0756859	-0.0782145	-0.0765516	
-0.00662618	-0.00195346	-0.00730657	-0.00350267	
0.000840062	0.0012439	-0.000326743	0.00107434	

-0.152991	-0.154713	-0.155266	-0.156112	
-0.078144	-0.0804694	-0.0804908	-0.0797699	
-0.00351014	-0.00508309	-0.0051934	-0.00590034	
0.00115392	0.00130705	0.000840558	-0.000733884	

-0.150333	-0.157153	-0.150344	-0.149726	
-0.077227	-0.0807528	-0.0754427	-0.0762153	
-0.00557073	-0.00443027	-0.00379333	-0.00347626	
-0.000272116	0.0016848	0.00139777	0.000366128	

-0.151318	-0.156456	-0.157273	-0.151937	
-0.0770285	-0.0794487	-0.0771805	-0.0755006	
-0.00668224	-0.00653904	-0.00174464	-0.00345962	
-0.0019714	-0.00169395	0.000272526	0.000476458	

-0.153889	-0.152701	-0.150828	-0.152888	
-0.0782912	-0.0774999	-0.0744588	-0.0759395	
-0.00369952	-0.00473785	-0.00552162	-0.00360822	
0.000575279	0.000138245	-0.000957526	0.00130435	

-0.15072	-0.151298	-0.156892	-0.148699	
-0.0779932	-0.0787782	-0.0794385	-0.0758073	
-0.00470926	-0.00558694	-0.00440907	-0.00435728	
-0.00123058	0.0004149	-0.000221211	-0.000440992	

-0.154736	-0.156084	-0.156658	-0.153628	
-0.0769695	-0.0801702	-0.0811577	-0.0773519	
-0.00322841	-0.00504899	-0.00528517	-0.00485677	
0.000780703	-0.000457596	-0.00105888	-0.000790077	

-0.153478	-0.154444	-0.151957	-0.153803	
-0.0770712	-0.08156	-0.0771313	-0.080094	
-0.00309055	-0.00580488	-0.00435183	-0.00532032	
0.000738855	-0.000359418	0.000548302	-0.000496621	

-0.157828	-0.153967	-0.147307	-0.154331	
-0.0856734	-0.0777104	-0.0748939	-0.0781108	
-0.00872996	-0.00335059	-0.0037471	-0.0022546	
0.000504042	0.00153491	0.000355172	0.00120243	

-0.154269	-0.153673	-0.156468	-0.151294	
-0.0814095	-0.0809349	-0.0777995	-0.0774791	
-0.00564961	-0.00565954	-0.00370721	-0.00519465	
-1.03805e-05	0.000386226	-0.000513704	0.000382808	

-0.155465	-0.151474	-0.153306	-0.156444	
-0.0792602	-0.075884	-0.080693	-0.0802404	
-0.00522712	-0.00501314	-0.00551502	-0.00217499	
-0.000448513	-0.000687216	0.000519837	0.00220876	

-0.156153	-0.154025	-0.153676	-0.153984	
-0.0820833	-0.0812866	-0.0781885	-0.08198	
-0.00370974	-0.00435768	-0.00435264	-0.00698655	
0.00156836	0.0008206	-0.000656423	0.00118646	

-0.157055	-0.15324	-0.157249	-0.153544	
-0.0803671	-0.0789403	-0.080139	-0.0823343	
-0.00294293	-0.00488494	-0.00373156	-0.00792165	
0.00138551	-0.000802888	0.00127591	-0.000482548	

-0.154687	-0.150907	-0.159979	-0.151612	
-0.0819887	-0.0760971	-0.0814175	-0.078805	
-0.00625025	-0.00502448	-0.00449421	-0.00437713	
0.000489424	2.18147e-05	-0.000272297	0.00144797	

-0.154599	-0.14919	-0.151294	-0.153909	
-0.0797919	-0.0766861	-0.0789857	-0.0794554	
-0.00639561	-0.00494234	-0.00297898	-0.00498207	
-0.000240185	-0.000435691	0.000837018	-0.00118115	

-0.153847	-0.150741	-0.155298	-0.153921	
-0.0787501	-0.0795912	-0.0796358	-0.0809334	
-0.00496613	-0.00624884	-0.00432768	-0.00348201	
-0.00122979	-0.000693577	-0.000357821	0.00102734	

-0.154126	-0.153925	-0.151023	-0.156343	
-0.0794647	-0.0786189	-0.0772155	-0.0757624	
-0.00582337	-0.00425285	-0.00388034	-0.00383814	
-0.00146186	-0.00045284	0.000203707	-0.00164334	

-0.154466	-0.154075	-0.155428	-0.154731	
-0.076937	-0.0794763	-0.0788849	-0.0774768	
-0.00458108	-0.00474363	-0.00557453	-0.00387343	
-0.00143238	4.05543e-05	-7.45089e-05	0.000155047	

-0.148289	-0.157073	-0.154217	-0.157609	
-0.0740801	-0.0784546	-0.0806325	-0.0786568	
-0.00550221	-0.00436793	-0.00322122	-0.00536308	
-6.86875e-05	-0.00104918	0.00223025	-0.00173347	

-0.157523	-0.15286	-0.158991	-0.15331	
-0.0797267	-0.0799091	-0.082673	-0.078944	
-0.00262706	-0.00424004	-0.004932	-0.00695464	
0.00065497	0.00172744	0.00149564	6.59777e-05	

-0.153949	-0.151841	-0.154489	-0.154262	
-0.0795951	-0.0787113	-0.0780879	-0.0755323	
-0.00408087	-0.00490755	-0.00646607	-0.00343315	
0.000247374	-0.0012232	-0.000623163	-0.000390303	

-0.151904	-0.153542	-0.15196	-0.156324	
-0.0791082	-0.0805201	-0.0768722	-0.0790333	
-0.00465778	-0.00643951	-0.00408193	-0.00361724	
0.000880203	-4.27524e-05	-0.000360362	0.00175172	

-0.154107	-0.156537	-0.151408	-0.150943	
-0.0808345	-0.0802935	-0.0784019	-0.0785298	
-0.00490259	-0.00467785	-0.00391795	-0.00479181	
0.000888757	0.000104442	0.00194365	0.000445225	

-0.156429	-0.156782	-0.159417	-0.148628	
-0.0824408	-0.080421	-0.083089	-0.0789222	
-0.00444495	-0.00632554	-0.00243186	-0.00611866	
0.000246594	0.000856534	0.000560777	-0.000390407	

-0.154052	-0.152004	-0.152268	-0.151028	
-0.0781352	-0.0797391	-0.0798921	-0.0797858	
-0.00381275	-0.00498673	-0.00474194	-0.00516327	
0.000677344	0.000191461	0.00122817	-0.000882729	

-0.156329	-0.153261	-0.152353	-0.151578	
-0.0798168	-0.076308	-0.0778369	-0.0780111	
-0.00394491	-0.00573862	-0.0055722	-0.00527415	
0.000193493	-0.00158255	-0.000918142	0.000849197	

-0.156291	-0.155173	-0.151902	-0.156414	
-0.0766389	-0.0765278	-0.0751093	-0.0779709	
-0.00607929	-0.00504376	-0.00482538	-0.00438902	
-0.00131021	-0.00107112	-0.000777353	-0.000960163	

-0.157192	-0.153553	-0.15564	-0.150461	
-0.0814032	-0.0802177	-0.0771762	-0.0773279	
-0.00629745	-0.00571695	-0.00347268	-0.00453445	
-0.00139252	-0.00015306	-0.000867515	-0.000743618	

-0.160384	-0.152905	-0.152392	-0.155222	
-0.0814938	-0.0766926	-0.0780897	-0.0795531	
-0.00661722	-0.00398014	-0.00515672	-0.00347414	
-0.00165851	4.97195e-05	-0.00060546	-0.000169092	

-0.15388	-0.153924	-0.15469	-0.152422	
-0.0782272	-0.0791081	-0.0790181	-0.0789357	
-0.0035701	-0.00524857	-0.00694989	-0.0040655	
-0.000550287	-0.00255676	-0.00250175	0.000474142	

-0.152414	-0.153763	-0.154172	-0.156341	
-0.0768479	-0.0767825	-0.0795798	-0.0794789	
-0.00471816	-0.00364616	-0.00567526	-0.00360328	
-0.00068074	-0.000161553	-0.00121311	0.000891462	

-0.155634	-0.154299	-0.155494	-0.153541	
-0.0804507	-0.0768189	-0.0794972	-0.0771695	
-0.00473319	-0.00588844	-0.00490095	-0.00366599	
-0.000266131	-0.00120118	-0.000826224	0.000996099	

-0.154021	-0.158534	-0.154345	-0.15644	
-0.0816551	-0.0811832	-0.0819692	-0.0809885	
-0.00522733	-0.00280858	-0.00511967	-0.00507947	
-8.44956e-05	0.00134857	0.000877351	-1.87326e-05	

-0.153949	-0.155072	-0.152835	-0.152333	
-0.0800872	-0.0787413	-0.07835	-0.081689	
-0.00418766	-0.00331006	-0.0044554	-0.00626493	
0.000398312	0.00198271	-0.00125186	0.000224568	

-0.150145	-0.153021	-0.154217	-0.150085	
-0.0744663	-0.0763173	-0.075831	-0.0769421	
-0.0041409	-0.00423289	-0.00387659	-0.00470099	
0.000167134	0.000321334	-0.000673191	-9.85585e-05	

-0.151546	-0.155522	-0.152966	-0.15436	
-0.0784462	-0.0798142	-0.0755928	-0.0779306	
-0.00520557	-0.00818073	0.000160663	-0.00484369	
0.000963879	-0.00235599	0.00246933	0.00133119	

-0.15642	-0.150392	-0.148711	-0.153216	
-0.081947	-0.0740226	-0.0754074	-0.0797262	
-0.00549368	-0.00368936	-0.00361938	-0.00495715	
0.000642036	4.82395e-05	0.000857398	0.000374707	

-0.153053	-0.154086	-0.155004	-0.153156	
-0.0801502	-0.0825876	-0.0799246	-0.0804698	
-0.00526318	-0.00582104	-0.00454501	-0.00310136	
-0.000223363	-0.000253338	-0.00152991	0.00167143	

-0.154306	-0.158224	-0.152284	-0.153468	
-0.0806551	-0.0822007	-0.0796789	-0.0816052	
-0.00426449	-0.00514245	-0.00303165	-0.00564221	
-7.45961e-05	-0.00117166	0.00117753	0.000537363	

-0.155556	-0.151043	-0.154396	-0.151799	
-0.0759806	-0.0776451	-0.0788872	-0.0757719	
-0.00223902	-0.00682207	-0.00484323	-0.00507241	
0.000814668	-0.000486438	0.000407094	-0.000844713	

-0.158171	-0.156881	-0.155757	-0.153208	
-0.0826654	-0.077703	-0.0804833	-0.0757655	
-0.00663131	-0.00352641	-0.00442912	-0.00388654	
-0.000927292	2.99662e-05	-0.000331176	-0.000511025	

-0.150462	-0.155806	-0.157475	-0.15554	
-0.0757072	-0.0796992	-0.0792936	-0.0786863	
-0.00535075	-0.00569517	-0.0040366	-0.00468807	
-0.00151096	5.825e-05	-0.000268664	0.000410532	

-0.156348	-0.154817	-0.154546	-0.154565	
-0.0780692	-0.0775085	-0.0778159	-0.0777664	
-0.00557512	-0.00309233	-0.00542831	-0.0049737	
-0.000779423	0.000170003	-0.000567645	0.00057206	

-0.157836	-0.152693	-0.155286	-0.148275	
-0.077839	-0.0756722	-0.0778706	-0.0767084	
-0.004449	-0.0044511	-0.00474785	-0.00463386	
0.00119801	0.000886026	-0.000198847	0.00195558	

-0.152384	-0.159921	-0.152152	-0.157638	
-0.0761583	-0.0829669	-0.0793388	-0.078248	
-0.00538001	-0.0045818	-0.00621741	-0.00235648	
0.000481067	0.00177996	0.000429067	0.00244696	

-0.159126	-0.154087	-0.158473	-0.155916	
-0.0793113	-0.0775985	-0.0801914	-0.0804283	
-0.00406774	-0.00547966	-0.00557212	-0.00395437	
-0.000250273	0.00054401	0.000530709	0.00191325	

-0.153332	-0.154355	-0.155165	-0.155103	
-0.0784237	-0.0789711	-0.07695	-0.0764126	
-0.00549513	-0.00484345	-0.00516303	-0.00254417	
0.000589938	0.000776695	0.000957932	0.00158003	

-0.15833	-0.156159	-0.157007	-0.151278	
-0.0794627	-0.079552	-0.0794004	-0.076228	
-0.00475899	-0.0052119	-0.00479879	-0.00545228	
0.000137971	0.000182893	-0.000380819	-0.000450788	

-0.155488	-0.154321	-0.15526	-0.152223	
-0.075849	-0.076255	-0.0771121	-0.0748878	
-0.00329803	-0.00299307	-0.00753209	-0.00383825	
0.000711911	0.00154158	-0.00123117	0.000753917	

-0.154171	-0.154315	-0.153149	-0.154726	
-0.0773993	-0.0756045	-0.0752192	-0.0793799	
-0.0057812	-0.00357678	-0.00289533	-0.00568642	
-0.00201775	0.000750454	0.000362586	-0.000162134	

-0.152264	-0.152679	-0.160208	-0.151862	
-0.0787462	-0.0789917	-0.0797802	-0.0771825	
-0.00612067	-0.00496225	-0.00487975	-0.00190915	
-0.000717154	0.000535122	0.000472703	0.00127163	

-0.158176	-0.15428	-0.153495	-0.154874	
-0.0832965	-0.0788638	-0.0796309	-0.0801176	
-0.00508218	-0.00483864	-0.00446165	-0.00449965	
0.000543234	0.000172245	0.000108791	0.00065624	

-0.153664	-0.153581	-0.154328	-0.157898	
-0.0776955	-0.075031	-0.0755141	-0.0800352	
-0.00670209	-0.00428523	-0.00454978	-0.00284378	
-0.00294174	-0.000600024	-0.000571086	0.000188867	

-0.15561	-0.15161	-0.155699	-0.155116	
-0.0777668	-0.077226	-0.0774982	-0.0793217	
-0.00465041	-0.00487659	-0.00454435	-0.00478821	
0.000669103	0.000610862	-0.000284233	0.000994373	

-0.155236	-0.156427	-0.152875	-0.151974	
-0.0783904	-0.0814972	-0.0776833	-0.0776019	
-0.00397166	-0.00469459	-0.00406101	-0.00400002	
0.000511532	-0.000894958	0.000620402	0.00104429	

-0.152347	-0.159833	-0.152239	-0.152382	
-0.078498	-0.0839716	-0.0767724	-0.0802309	
-0.0052392	-0.00415772	-0.00351962	-0.00551272	
1.64337e-05	0.00119551	0.00013409	0.00147997	

-0.15369	-0.15401	-0.157327	-0.151418	
-0.0799281	-0.0796125	-0.0798381	-0.0770911	
-0.00514269	-0.00491956	-0.00434699	-0.00467277	
-0.000266621	0.000466082	0.000943061	-0.0015827	

-0.156221	-0.150811	-0.154693	-0.153224	
-0.0810579	-0.078495	-0.0789219	-0.0787905	
-0.00583978	-0.00600756	-0.00314187	-0.0038197	
-0.00214045	-0.00039502	0.000512582	0.000718296	

-0.149387	-0.155661	-0.149879	-0.153053	
-0.0744767	-0.0788718	-0.0794629	-0.0766795	
-0.00354847	-0.00466935	-0.00664377	-0.0026211	
-0.000149603	0.000260939	0.000828392	0.000500953	

-0.152352	-0.154268	-0.156786	-0.15159	
-0.0785342	-0.078126	-0.0790803	-0.0776144	
-0.00371641	-0.00524616	-0.00356068	-0.00600129	
0.000609841	0.000501979	0.000962079	0.000177666	

-0.153387	-0.155677	-0.154735	-0.15338	
-0.0746418	-0.0793215	-0.0773752	-0.076098	
-0.00540933	-0.00448739	-0.00364567	-0.00367339	
-0.00153017	-6.6606e-05	0.000962035	-0.000280817	

-0.153183	-0.150136	-0.156071	-0.154873	
-0.0772673	-0.0787532	-0.0806654	-0.0801896	
-0.00353605	-0.00560445	-0.00418793	-0.00445441	
0.000398733	0.00109515	-0.000261775	0.000771191	

-0.153655	-0.157205	-0.152308	-0.154092	
-0.0811905	-0.0769573	-0.0778408	-0.0814244	
-0.00757268	-0.00334903	-0.00448986	-0.00250485	
0.000123842	0.000455636	0.00111495	0.00346792	

-0.153636	-0.149823	-0.150222	-0.151869	
-0.0790456	-0.0787212	-0.0774364	-0.0795343	
-0.00451012	-0.00530732	-0.00411577	-0.00458781	
0.00140565	0.000810087	0.000715164	0.00132401	

-0.152635	-0.152605	-0.152067	-0.14785	
-0.0776102	-0.0769726	-0.0794121	-0.0759441	
-0.00529228	-0.00286306	-0.00458095	-0.0049733	
0.000613488	0.00168362	0.0010251	0.000293996	

-0.15352	-0.149026	-0.153886	-0.153501	
-0.0792892	-0.0776555	-0.0788551	-0.0787616	
-0.00531916	-0.00483295	-0.00290065	-0.00577913	
0.000193992	0.00132625	0.000168711	0.000507963	

-0.152823	-0.155616	-0.15626	-0.15447	
-0.079945	-0.0773541	-0.0815836	-0.0782902	
-0.00812332	0.000223645	-0.0072445	-0.00420485	
-0.00187035	0.00268183	-0.000749496	-0.000919031	

-0.156203	-0.150666	-0.153894	-0.152225	
-0.0819689	-0.0784273	-0.0784049	-0.0787218	
-0.00433607	-0.0062372	-0.00322954	-0.004714	
0.00149697	-0.000668539	-0.000151193	0.00138215	

-0.15018	-0.152697	-0.153053	-0.152222	
-0.0766429	-0.0782632	-0.0788197	-0.078765	
-0.00420471	-0.00416928	-0.00521443	-0.00303985	
-0.000208271	0.000889754	0.000959051	0.00220586	

-0.155302	-0.153394	-0.157636	-0.152591	
-0.0813883	-0.0791786	-0.0832414	-0.0784216	
-0.00408256	-0.00403678	-0.00385911	-0.00682416	
0.00208233	0.00157936	0.000666017	-0.000371	

-0.154706	-0.154614	-0.1557	-0.154202	
-0.0796833	-0.0805255	-0.0826479	-0.0783958	
-0.00515879	-0.00425885	-0.00603827	-0.00300828	
-0.000435891	0.000923442	-0.000364221	0.00129679	

-0.156997	-0.152846	-0.154187	-0.15316	
-0.0812179	-0.0787916	-0.0781679	-0.0796586	
-0.00389829	-0.00494453	-0.00535535	-0.00418859	
0.000213957	-9.93708e-05	-0.00126666	0.000505681	

-0.149438	-0.154725	-0.14981	-0.150803	
-0.0774914	-0.0773243	-0.0773138	-0.0772483	
-0.00478931	-0.00337305	-0.00547005	-0.00308011	
1.59459e-06	0.000689921	-0.000145755	0.000699869	

-0.159261	-0.148906	-0.15365	-0.15731	
-0.0794899	-0.0789731	-0.0770325	-0.0760088	
-0.00257908	-0.00793384	-0.003805	-0.00421888	
-0.000438637	-0.00164591	0.00177786	0.00141057	

-0.157057	-0.153946	-0.154223	-0.155453	
-0.0808284	-0.0789898	-0.0798849	-0.081876	
-0.00444476	-0.00340877	-0.00465296	-0.00520469	
0.000780118	0.000745138	0.000762396	5.42969e-05	

-0.154325	-0.154422	-0.156055	-0.154156	
-0.0784579	-0.0788985	-0.0825435	-0.0797332	
-0.00346408	-0.00280814	-0.00603761	-0.00601481	
0.000704867	0.000982245	0.000962908	-0.000285629	

-0.153341	-0.151911	-0.153527	-0.154441	
-0.0779011	-0.0775381	-0.0808445	-0.0794771	
-0.00481842	-0.00163453	-0.00527723	-0.00498403	
-0.000913686	0.00234216	0.00147297	0.00135645	

-0.158989	-0.152987	-0.153653	-0.153696	
-0.0813893	-0.077912	-0.0788861	-0.0773033	
-0.00515654	-0.00480979	-0.00335226	-0.00594402	
0.000252246	0.000550594	0.000924717	7.00098e-05	

-0.152463	-0.154211	-0.152063	-0.151966	
-0.0807594	-0.0775845	-0.0746169	-0.0791589	
-0.00702364	-0.0039177	-0.00405641	-0.00277221	
0.000332707	0.000852787	-0.000458622	0.00157253	

-0.153445	-0.151986	-0.152338	-0.151617	
-0.0803636	-0.0791211	-0.0814888	-0.0787391	
-0.00330897	-0.00664816	-0.00408926	-0.00447438	
0.000960636	-0.000285662	0.000936949	0.000778448	

-0.157147	-0.154012	-0.156163	-0.15153	
-0.0807593	-0.0788163	-0.0808573	-0.0778432	
-0.00404215	-0.00375199	-0.00673009	-0.00318678	
0.000168265	0.00116251	-4.18313e-05	0.000711495	

-0.149026	-0.152901	-0.1541	-0.151072	
-0.0734456	-0.0772108	-0.0766971	-0.0777252	
-0.00252361	-0.00529849	-0.00459784	-0.00532851	
0.000375156	0.000448314	-0.000856957	-0.000200565	

-0.154349	-0.155589	-0.152501	-0.150771	
-0.0774179	-0.0775595	-0.0764263	-0.0778541	
-0.00541283	-0.00240905	-0.00394286	-0.00550479	
-0.000509502	0.00202374	-0.00092554	-0.000782472	

-0.157091	-0.15351	-0.153238	-0.149215	
-0.0828506	-0.0756839	-0.0792247	-0.0754179	
-0.00621796	-0.00356213	-0.00414943	-0.00447256	
-0.000301093	-0.00044198	0.000769424	0.000591707	

