0.691029	0.696041	0.688437	0.689106	0.677694	0.685214	0.685996	0.688848	0.689036	0.681892	0.697445	0.686993	0.689464	0.691075	0.698802	0.684666	0.683305	0.694212	0.68767	0.685155	0.678657	0.68761	0.678633	0.693843	0.690325	0.682837	0.67971	0.682436	0.692887	0.686742	0.686761	0.676358	0.679314	0.685554	0.686644	0.688757	0.682017	0.67799	0.689576	0.689409	0.682487	0.689417	0.697818	0.693694	0.687873	0.692979	0.677671	0.683292	0.685226	0.686953	0.69087	0.684263	0.692019	0.688567	0.677683	0.688343	0.686041	0.684224	0.676962	0.67979	0.691508	0.706109	0.691612	0.683601	
0.00130278	-0.00277824	-0.00129281	-0.000340401	-0.00301621	0.000415463	0.00344388	0.00375139	-0.00159969	-3.89609e-06	0.00194997	-0.000879057	-0.00458208	0.00141256	-0.000587002	0.00216237	0.00134156	-0.000287018	-0.0034516	0.00155914	-0.000587753	0.000588349	-0.000901786	0.00115779	0.0017433	-0.00295421	-0.000723928	0.00185572	-0.00107538	-0.000795762	0.00230076	0.00381051	-0.00312332	-0.00335131	0.000518274	0.00128331	0.000291077	-0.00180772	0.000328034	-0.000968771	0.000870173	0.00497819	1.7582e-05	-0.00262155	0.000382102	-0.00165937	-0.000808262	0.00119022	0.000441118	-0.000575748	-0.00323255	0.000993496	0.00486682	-0.0020642	0.000757677	-0.00400788	-0.00113994	0.000927408	0.000899011	-0.00147069	0.00333534	-0.000365911	0.00108227	0.00152489	
3.27512e-06	-1.79205e-06	-6.08414e-06	-1.0845e-05	-1.54127e-05	-1.94676e-05	-2.30623e-05	-2.71876e-05	-3.03443e-05	-3.33622e-05	-3.61855e-05	-3.82923e-05	-3.99334e-05	-4.10639e-05	-4.12852e-05	-4.0569e-05	-3.98162e-05	-3.77198e-05	-3.4944e-05	-3.18449e-05	-2.78109e-05	-2.33413e-05	-1.91548e-05	-1.43158e-05	-9.97492e-06	-5.84176e-06	-1.45005e-06	2.86318e-06	6.42022e-06	9.97948e-06	1.30646e-05	1.55489e-05	1.77261e-05	1.98832e-05	2.19384e-05	2.39351e-05	2.56262e-05	2.72035e-05	2.898e-05	3.12063e-05	3.32714e-05	3.47265e-05	3.66942e-05	3.81744e-05	3.97297e-05	4.10463e-05	4.27767e-05	4.39339e-05	4.54891e-05	4.69245e-05	4.75024e-05	4.78912e-05	4.86961e-05	4.76624e-05	4.61051e-05	4.44778e-05	4.16587e-05	3.77646e-05	3.36109e-05	2.874e-05	2.4022e-05	1.91284e-05	1.40839e-05	8.69442e-06	
-0.000983008	-0.000914399	-0.000513831	0.000862955	-0.0030264	-0.000352457	-0.000411353	0.00217495	0.00407145	0.000362776	-0.00167825	-0.0030683	0.00294794	-0.00344252	0.00187412	0.00152273	0.000140204	-0.00363939	0.000642869	-0.000331919	0.00198276	-0.00194147	0.000171334	0.00322317	-0.00168618	-0.00167045	0.00191718	-0.00153261	0.00155377	-0.000199695	0.0011067	-0.00332192	0.000426225	0.000143524	-7.67657e-05	0.000478981	-0.000954885	-6.98024e-05	0.00180587	-0.00135241	-0.0020243	0.000176831	0.00172134	-0.000364218	-0.00134953	-0.00104857	0.00293417	-0.000199839	0.000301072	-0.00151539	0.000142023	-0.000268684	0.00320283	0.000960793	-0.00120375	0.000926422	0.000512026	-5.92601e-05	-0.000339082	0.000336605	0.00237554	-0.000211298	-0.00261421	0.00187084	

0.68051	0.690793	0.690347	0.684367	0.690427	0.67881	0.681756	0.686084	0.690229	0.696654	0.691051	0.681721	0.684345	0.68692	0.683556	0.671338	0.688456	0.698404	0.705915	0.691101	0.685226	0.686737	0.681718	0.698352	0.69004	0.694863	0.692389	0.69606	0.695037	0.684678	0.685574	0.687832	0.69408	0.684728	0.685064	0.684857	0.684286	0.685198	0.684679	0.685515	0.685791	0.688363	0.691618	0.683747	0.683819	0.677463	0.682031	0.683474	0.688458	0.695519	0.694116	0.689427	0.685938	0.684406	0.676941	0.685108	0.692302	0.688344	0.686224	0.681932	0.693019	0.685734	0.687547	0.691415	
0.000107147	0.00045531	-0.00426891	-0.00045778	-0.00258082	0.00351558	0.00427665	0.000962413	0.00139313	0.0033359	-0.00212696	-0.00166686	-0.00381823	-0.00197572	-0.000991411	-0.000663823	4.62189e-06	0.000678088	0.000542051	0.000430496	0.00208102	-0.000106953	0.00038871	-0.000971867	-0.00101407	0.00116442	-0.000293945	-0.000495967	0.00199558	0.00144694	-0.0014526	-0.00230373	-0.00136377	0.002722	0.000180059	0.000273738	0.00263528	-0.00225771	3.36732e-05	-0.000533945	0.000838531	-0.0019829	0.00127773	-0.000238296	-0.000102244	-0.00217817	0.00233378	-0.00180401	0.00227796	1.26151e-05	0.000849601	-0.000410607	-0.00158433	0.000506986	0.000966127	-0.00167243	-0.00289964	-0.00256218	0.00295874	0.000179213	0.00268724	0.00508703	-0.00343926	0.000168882	
2.46698e-06	-1.17452e-06	-4.45069e-06	-7.77639e-06	-1.08588e-05	-1.37348e-05	-1.65933e-05	-1.91839e-05	-2.16338e-05	-2.37193e-05	-2.57614e-05	-2.74706e-05	-2.87092e-05	-2.93975e-05	-2.93998e-05	-2.90457e-05	-2.8249e-05	-2.69387e-05	-2.48594e-05	-2.25762e-05	-1.99079e-05	-1.70117e-05	-1.37095e-05	-1.07055e-05	-7.28195e-06	-4.17882e-06	-1.14099e-06	1.80211e-06	4.42801e-06	6.8288e-06	9.08113e-06	1.10317e-05	1.27057e-05	1.42287e-05	1.55526e-05	1.69868e-05	1.85294e-05	1.99799e-05	2.12919e-05	2.27564e-05	2.40708e-05	2.51188e-05	2.64566e-05	2.74405e-05	2.86766e-05	2.97694e-05	3.08462e-05	3.20291e-05	3.32124e-05	3.37279e-05	3.42222e-05	3.44027e-05	3.43924e-05	3.41851e-05	3.29199e-05	3.12878e-05	2.93495e-05	2.69022e-05	2.37547e-05	2.06089e-05	1.73541e-05	1.37303e-05	1.0062e-05	6.26261e-06	
9.77883e-05	0.00407954	-0.00098594	-0.00281504	-0.000114565	0.00103798	-0.000603254	-3.79699e-05	0.00280059	5.64729e-05	0.00117703	-0.00321731	0.00116234	-0.00369813	0.00222949	0.00420973	-0.000385601	0.00063069	-0.00186486	-0.000168761	-0.000700187	0.00106394	-0.000545565	0.00174775	-0.00310302	0.000249051	0.00409476	-0.00071035	-0.00089604	-0.0010953	0.000706882	7.67745e-05	-0.00348059	0.00128294	-0.0024561	0.000785558	-0.00186641	3.68096e-05	-0.00183049	0.000461105	0.00102341	0.00413482	0.000950527	-0.00201395	0.000179513	-0.00211669	0.000112908	-0.000167361	0.000631159	-0.000395879	0.00019475	0.000869802	0.00265225	-0.000679836	-0.00110657	-0.000420233	0.00113372	-0.000819727	0.000229952	0.00288145	0.00138206	-0.000897167	-0.000862727	-0.00443328	

0.694138	0.692642	0.685053	0.685523	0.684179	0.686427	0.676881	0.684019	0.676576	0.685053	0.688669	0.684236	0.686019	0.680362	0.686745	0.687068	0.686906	0.706243	0.700069	0.687765	0.694263	0.687647	0.686489	0.681516	0.69037	0.692404	0.695563	0.697833	0.696389	0.691983	0.689091	0.686886	0.69545	0.685474	0.680888	0.68254	0.679501	0.682822	0.67638	0.689268	0.686941	0.676139	0.676594	0.683568	0.691371	0.690476	0.677094	0.682556	0.685902	0.683066	0.682612	0.690415	0.682717	0.678308	0.687524	0.68326	0.689082	0.693758	0.676209	0.691723	0.688167	0.69137	0.679936	0.688491	
-0.000995878	-0.000741967	-0.000526124	0.000774029	0.000586914	0.000533935	0.000897587	-0.000282798	0.000776357	0.00236045	-0.000249212	-0.00367383	0.00126127	-0.00144021	-0.00179393	0.000830576	0.00340572	-0.0012955	0.00097168	-0.000244494	-0.000221247	-0.000544792	0.00161698	-0.00198152	0.00211616	-0.00415797	-0.000287745	0.00230103	-0.00114623	0.00175413	0.000150933	6.02456e-05	-0.00227657	0.00204133	-0.00229006	0.0022786	0.00468934	-0.00303589	0.000914455	-0.0012985	-0.00381336	-0.000116086	0.000486083	-0.000146282	-0.000422976	-0.00150212	0.00295821	-8.29127e-06	-0.000280981	-0.00286445	0.00176553	0.00312545	-0.00124222	0.00161009	-0.00253113	5.64937e-05	-0.0016313	0.000464819	0.000439773	0.000561653	0.00132893	-0.00131848	0.00233784	-0.000369042	
1.85278e-06	-6.96748e-07	-3.13775e-06	-5.39966e-06	-7.59035e-06	-9.77638e-06	-1.16858e-05	-1.3699e-05	-1.52715e-05	-1.7119e-05	-1.85128e-05	-1.95227e-05	-2.03873e-05	-2.08199e-05	-2.10296e-05	-2.09072e-05	-2.0079e-05	-1.91907e-05	-1.77871e-05	-1.62574e-05	-1.44159e-05	-1.2219e-05	-9.9669e-06	-7.62298e-06	-5.42303e-06	-3.16729e-06	-9.34189e-07	1.12009e-06	3.11647e-06	4.82857e-06	6.4593e-06	7.92597e-06	9.16144e-06	1.01224e-05	1.12742e-05	1.22324e-05	1.32086e-05	1.42105e-05	1.54332e-05	1.64077e-05	1.71871e-05	1.80397e-05	1.89228e-05	1.97817e-05	2.0926e-05	2.19391e-05	2.26698e-05	2.30981e-05	2.382e-05	2.4051e-05	2.43372e-05	2.4461e-05	2.44455e-05	2.42587e-05	2.34981e-05	2.23014e-05	2.10777e-05	1.91444e-05	1.69344e-05	1.4719e-05	1.22971e-05	9.78022e-06	7.08122e-06	4.47963e-06	
0.000584362	-0.00181964	-0.000586042	-0.00205707	-1.57299e-05	-0.00305241	0.00150349	0.00204361	-4.56021e-05	-0.00107812	0.00203039	-0.00198134	0.00250112	1.71225e-05	-0.00232654	0.000296436	0.00103171	0.00263849	0.000130195	3.21847e-05	-7.81845e-05	0.0016952	-0.00205003	0.000649085	-0.00133898	-0.000291075	-0.00150383	0.00116435	0.0016896	-0.00175533	-0.00102504	-0.00147848	0.00139475	-0.000333395	-0.00049903	-0.000430935	0.000631807	0.000629811	0.000961818	-0.00180254	-0.00203585	0.000431773	0.00019528	0.000865489	0.00240051	-0.00195554	0.00157315	-0.000783576	0.000345726	6.61314e-05	-0.000315915	0.000115269	0.00122931	-0.000941191	-0.00121536	0.000219877	0.000711318	0.0017787	-0.00111997	0.00117394	0.00120162	-0.000782952	-0.00270378	0.00313864	

0.690917	0.686645	0.684293	0.691158	0.69009	0.685096	0.678192	0.682949	0.681463	0.689054	0.6841	0.683092	0.687388	0.68517	0.680867	0.68477	0.691889	0.69043	0.698608	0.693248	0.683833	0.686899	0.683896	0.688142	0.684059	0.689634	0.699519	0.69299	0.689051	0.682284	0.682584	0.689117	0.691922	0.690836	0.686807	0.69197	0.692384	0.691534	0.693353	0.691067	0.689117	0.689155	0.692903	0.692837	0.686948	0.688641	0.682188	0.683848	0.691216	0.688804	0.69042	0.686167	0.689912	0.695396	0.691766	0.686311	0.684851	0.695133	0.696088	0.6883	0.694014	0.698557	0.693189	0.679645	
0.000261173	0.000791821	0.000157505	0.000273239	-0.000781594	0.00277081	-4.22827e-05	-0.000799478	0.000123519	0.00125064	0.00141017	0.000607901	-0.000179755	-0.00334273	0.00217586	-0.00366621	-0.00122643	0.00213285	0.00400891	-7.1922e-05	1.75351e-05	-0.00348766	0.00302771	-0.000298928	-0.00144279	-0.000804736	-0.000594148	-0.000757366	-0.00045898	0.00191322	0.00181796	-0.00163472	0.00172542	0.00188215	-0.00235875	0.0015833	0.000950382	-0.000924401	-0.000160552	-0.00422715	-0.00111657	0.00155138	0.00180404	-0.00215213	-0.00350085	-0.000466099	0.000938286	-0.000914578	0.00434408	0.00082823	-0.00102311	0.000449988	-0.00343422	0.00116239	0.000868236	0.000595652	-0.000314239	0.000594482	-0.00310787	0.000130332	0.00152397	0.00188059	-0.000598484	-0.00112684	
1.39431e-06	-4.06572e-07	-2.26461e-06	-3.88711e-06	-5.42961e-06	-6.99764e-06	-8.53364e-06	-9.88284e-06	-1.10975e-05	-1.22668e-05	-1.33727e-05	-1.39419e-05	-1.45771e-05	-1.4904e-05	-1.49163e-05	-1.48054e-05	-1.44171e-05	-1.36207e-05	-1.2588e-05	-1.14665e-05	-1.02318e-05	-8.7945e-06	-7.1028e-06	-5.54375e-06	-3.97038e-06	-2.36732e-06	-8.49451e-07	6.56451e-07	2.04142e-06	3.30998e-06	4.53458e-06	5.58379e-06	6.49548e-06	7.27598e-06	8.02297e-06	8.85087e-06	9.6253e-06	1.04213e-05	1.11568e-05	1.18406e-05	1.23907e-05	1.30827e-05	1.3625e-05	1.44303e-05	1.52141e-05	1.57824e-05	1.62505e-05	1.67803e-05	1.71268e-05	1.727e-05	1.75408e-05	1.75766e-05	1.76762e-05	1.74281e-05	1.69015e-05	1.60469e-05	1.49935e-05	1.36674e-05	1.22604e-05	1.05807e-05	8.89438e-06	6.92296e-06	5.08095e-06	3.2364e-06	
0.00212323	0.00232665	0.000368383	-0.00184691	-0.00426954	0.000807546	0.00147193	0.0012986	-0.00078122	-0.00238931	0.000522182	-3.52913e-05	0.00271982	0.000457282	0.00104984	-0.0017092	0.00147998	-0.00211276	0.00166845	0.000768311	-0.00129188	-0.00031432	-0.00233026	-0.00105908	0.00191651	0.00142613	0.000978586	-0.00277282	0.00187944	0.000983201	-0.00166539	-0.000284313	0.00316839	-0.00384335	-0.00183275	0.00119621	0.00154283	0.000514408	-0.00141212	-0.000216342	-0.00077863	-0.000281626	0.000880661	0.00463877	-0.00336377	0.00105766	-0.0017974	0.00160412	0.00280319	0.00155662	-0.0031121	0.000590891	-0.00289729	-0.00352022	-0.00311694	0.00391719	0.00157127	0.000155193	-0.000604787	0.00090792	-0.000112446	0.00117417	0.00104206	-0.00225646	

0.68476	0.685409	0.691336	0.690698	0.688988	0.68494	0.69151	0.681402	0.679888	0.682945	0.684067	0.68068	0.673122	0.695095	0.697506	0.692394	0.684326	0.68868	0.689482	0.690549	0.691164	0.691066	0.68552	0.690605	0.695571	0.704364	0.693278	0.688927	0.690918	0.685238	0.684322	0.687199	0.695466	0.690056	0.675649	0.690513	0.69116	0.686207	0.688033	0.683271	0.674018	0.679911	0.690973	0.691685	0.687183	0.679115	0.682245	0.681463	0.687507	0.688878	0.687729	0.687058	0.685861	0.687309	0.687744	0.683716	0.690929	0.68934	0.682808	0.6818	0.690469	0.692841	0.678334	0.686533	
-0.00119195	0.00138481	0.00109126	-0.00101498	-0.000797471	-0.000295591	0.00174909	0.00125224	-7.35879e-05	0.00130617	-0.00118483	0.000340669	-0.00496712	0.00185386	0.00281255	-0.00174265	-0.000317211	-0.000364363	0.00217417	-0.00314047	-0.000453313	-0.000198299	0.00368936	-0.000145259	-0.00130998	-0.00348468	-0.000207429	0.000942892	0.00257179	0.000325068	0.000470042	0.000159864	-0.000598533	0.000312738	0.00233889	0.00210064	0.000994617	-0.00245643	0.00124026	-0.00169112	-0.000611515	-0.0021302	0.00259403	-0.00257413	-0.00256856	0.000993946	-0.00252732	0.00249992	-0.00349376	0.0028704	0.000833984	0.00202557	0.000783169	-0.00257085	-0.00181728	0.00135413	0.000583547	-0.000799035	0.00340741	0.000507375	-0.00041872	-4.47258e-05	0.000178916	-0.00228747	
1.03533e-06	-2.73188e-07	-1.51099e-06	-2.71968e-06	-3.88269e-06	-4.99201e-06	-6.02855e-06	-7.00814e-06	-7.91314e-06	-8.73698e-06	-9.40965e-06	-9.98175e-06	-1.03686e-05	-1.06953e-05	-1.07066e-05	-1.04479e-05	-1.0139e-05	-9.56777e-06	-8.90235e-06	-8.13804e-06	-7.19004e-06	-6.17275e-06	-5.16906e-06	-4.08028e-06	-2.90194e-06	-1.76461e-06	-6.05269e-07	4.53873e-07	1.3826e-06	2.34194e-06	3.22599e-06	3.95418e-06	4.64013e-06	5.23514e-06	5.7361e-06	6.29349e-06	6.90476e-06	7.50809e-06	7.99924e-06	8.48526e-06	8.99136e-06	9.52927e-06	9.96555e-06	1.04046e-05	1.0911e-05	1.1349e-05	1.16427e-05	1.19935e-05	1.23134e-05	1.2482e-05	1.25802e-05	1.2617e-05	1.25505e-05	1.23237e-05	1.18984e-05	1.13257e-05	1.06418e-05	9.76183e-06	8.72878e-06	7.55961e-06	6.2721e-06	4.95743e-06	3.64308e-06	2.29537e-06	
-0.00123893	0.00300918	0.000985771	-0.00310635	-0.00226096	-0.000207857	0.00145194	0.00135353	0.00143855	-0.0013571	0.00132905	0.00216103	-0.00034732	0.000998318	0.00103676	0.00264433	-8.8274e-05	-0.00309707	-0.00381398	0.00184313	-9.33049e-05	-0.00166567	0.00101069	-0.00158804	0.00321117	0.00174061	-0.000256292	-0.00172834	0.00228053	4.52759e-06	-0.000975656	-0.00235127	0.003225	0.00162987	-0.00369152	0.00011264	-0.000485326	-0.00249253	0.002296	-0.00165653	-0.00235337	0.0016852	0.000627755	-0.000216255	-0.000413474	-0.000403547	-0.00018765	0.000426418	0.000273484	0.0020037	0.00143393	-0.000350446	-0.000871423	-0.0029108	-0.000286671	-0.0012877	0.00461355	-0.0015774	0.000375386	-3.30966e-05	-0.00126596	0.00143432	-0.0038216	0.00232321	

0.690604	0.684505	0.687307	0.684172	0.68666	0.68156	0.686197	0.679442	0.67618	0.686262	0.68561	0.677395	0.684262	0.681072	0.687952	0.683389	0.699757	0.69714	0.686703	0.685668	0.687053	0.695388	0.693386	0.685647	0.693687	0.699045	0.685116	0.69371	0.701427	0.697219	0.702759	0.681219	0.683413	0.684308	0.686986	0.673205	0.686753	0.691502	0.69418	0.686334	0.6905	0.691962	0.687119	0.685197	0.685765	0.677366	0.680557	0.690795	0.690606	0.695614	0.685696	0.680025	0.686652	0.687098	0.682452	0.672877	0.68934	0.693603	0.685101	0.687665	0.680936	0.692502	0.690509	0.687365	
0.000818186	-0.00246962	0.000217143	-0.000877481	0.000748545	0.00082737	0.000979761	-0.00235427	-0.00127691	0.00368629	-0.00162974	0.00100676	0.00065514	-0.000567993	0.00221595	-0.000552429	-9.52879e-05	-0.000329115	-0.00044826	-0.00406335	0.000180959	0.000347451	0.00249205	-3.53757e-05	-0.0064338	0.00177611	-0.000990668	0.00168237	-0.00135457	0.00119464	0.000420746	0.00174569	0.00233673	-0.00157046	-0.000255241	0.00255394	0.00340313	-0.000789356	-0.00303516	0.000248748	0.000734476	0.000186925	-0.000996939	-0.00293827	-0.000807635	0.00109884	0.000117932	0.00214092	0.00161186	0.000948542	-0.000549039	-0.000603755	0.00037014	-0.00148325	-0.00124015	-0.00164922	-0.00258972	0.001891	0.00340473	0.000182762	0.00018423	-0.00220829	0.00261226	0.00039022	
7.31275e-07	-1.61463e-07	-1.06109e-06	-1.93469e-06	-2.78107e-06	-3.57236e-06	-4.30398e-06	-5.02802e-06	-5.64301e-06	-6.25624e-06	-6.71248e-06	-7.18345e-06	-7.43829e-06	-7.48072e-06	-7.53258e-06	-7.41423e-06	-7.17978e-06	-6.82925e-06	-6.34525e-06	-5.79792e-06	-5.11813e-06	-4.46049e-06	-3.76453e-06	-2.99457e-06	-2.10886e-06	-1.26282e-06	-5.34925e-07	2.75815e-07	1.0029e-06	1.6593e-06	2.29381e-06	2.82073e-06	3.29399e-06	3.7205e-06	4.11451e-06	4.53441e-06	5.00786e-06	5.39086e-06	5.73416e-06	6.12978e-06	6.51928e-06	6.91881e-06	7.14489e-06	7.50081e-06	7.86495e-06	8.17166e-06	8.42909e-06	8.71928e-06	8.84323e-06	8.93951e-06	8.92447e-06	8.96094e-06	8.97636e-06	8.81683e-06	8.55177e-06	8.12526e-06	7.64897e-06	6.95883e-06	6.1961e-06	5.40419e-06	4.50085e-06	3.56597e-06	2.60169e-06	1.67381e-06	
0.00271444	-4.3799e-05	0.00683441	-0.00550297	0.0021924	-0.00493187	-0.000333592	0.00377761	-0.000989066	0.000414974	0.00112288	0.00089561	0.000542443	-0.00146476	0.00121812	0.000501281	0.000232987	-0.000498331	-0.000892068	0.00124194	-0.00232133	-0.00073952	-0.00153851	0.00152404	0.00256616	0.00152915	-0.00146773	-6.18957e-06	-0.00240014	-0.00215448	0.00222648	0.00269129	0.000887951	0.000379639	-0.0021757	4.34941e-05	-0.0031492	0.00471415	0.00260558	-0.00348659	-0.00216473	-0.000681286	0.00545768	-0.00288241	-0.000328499	-0.00069799	-0.00163772	0.000519168	0.000351902	-0.000836053	-0.00237577	0.00222757	-0.00211835	0.00152069	-0.000142708	0.00123997	-8.13769e-05	-0.000507254	0.000477813	0.00385369	0.000518205	-0.000279062	-0.00254863	-0.00423429	

0.695755	0.686018	0.686974	0.680983	0.681528	0.68376	0.690451	0.685884	0.688312	0.68215	0.689986	0.685813	0.685774	0.687357	0.692997	0.684514	0.686826	0.681511	0.687411	0.678967	0.687021	0.686645	0.685895	0.68597	0.690606	0.689745	0.685963	0.687299	0.688228	0.692815	0.69143	0.695473	0.681633	0.684503	0.680149	0.687524	0.68602	0.690146	0.694433	0.698093	0.68803	0.686301	0.692511	0.689389	0.689832	0.693963	0.689985	0.683212	0.678024	0.691718	0.693248	0.697036	0.686187	0.694097	0.699377	0.676102	0.680825	0.685066	0.687227	0.693509	0.687484	0.692322	0.688737	0.690882	
-0.00142034	-0.00116309	-0.00120726	0.00333411	-0.00294165	0.00154913	0.0012976	-0.00123139	0.00207446	0.000347566	-0.00157535	-0.00159235	0.00125703	-0.00126629	0.00145193	0.00249498	-0.000611417	0.00130558	-0.00534183	0.0026912	0.00179928	-0.00222948	4.7779e-05	-0.00115836	-0.00192984	0.00282022	0.00158062	0.00137618	-0.00305689	-0.00183186	-0.000874252	-0.000560874	0.00283667	2.38694e-06	0.000299713	0.00222601	0.00144999	0.00183881	0.00130296	-0.00385068	-0.00250383	-0.000111333	-0.00166303	0.00105463	0.00144704	-0.000390158	0.000528186	0.00110653	0.00109436	0.00206126	-0.00276875	-0.000607085	-0.00188457	-0.00123596	0.00505689	0.000610599	0.00195208	-0.00434273	-0.00258343	9.99743e-05	0.00588134	-0.00276234	0.000847209	-0.0010999	
5.6686e-07	-7.35391e-08	-7.17102e-07	-1.34154e-06	-1.95408e-06	-2.54504e-06	-3.08963e-06	-3.61391e-06	-4.08988e-06	-4.49515e-06	-4.83915e-06	-5.09159e-06	-5.27711e-06	-5.35223e-06	-5.32958e-06	-5.2168e-06	-5.08925e-06	-4.79808e-06	-4.50968e-06	-4.15701e-06	-3.71469e-06	-3.21983e-06	-2.67874e-06	-2.08666e-06	-1.54704e-06	-9.49573e-07	-3.85351e-07	1.49154e-07	6.88901e-07	1.15961e-06	1.5786e-06	1.98704e-06	2.35531e-06	2.67431e-06	2.99479e-06	3.32866e-06	3.59098e-06	3.89221e-06	4.12225e-06	4.43871e-06	4.69878e-06	4.93111e-06	5.20267e-06	5.43805e-06	5.69003e-06	5.8953e-06	6.08733e-06	6.18933e-06	6.28914e-06	6.44197e-06	6.47231e-06	6.48013e-06	6.3908e-06	6.3446e-06	6.09608e-06	5.78975e-06	5.40903e-06	4.9682e-06	4.44364e-06	3.88325e-06	3.24186e-06	2.58433e-06	1.88086e-06	1.20825e-06	
-3.02023e-05	-0.00208939	0.000977868	1.60805e-05	-0.00066731	-0.00134008	0.00113503	0.00207342	-5.56367e-06	0.00182903	0.000135912	-0.00153831	-0.00308373	0.00307675	-0.000274723	0.00440683	-0.00199783	-0.00310599	0.000606526	0.00242182	-0.00105168	-0.00321002	0.000304113	-0.00328464	0.00423685	0.00239913	-0.000418361	-0.00184996	0.000338076	0.0012252	-0.00216428	0.00234989	-0.000829204	-0.00170925	0.0011919	-0.0022538	0.00202407	0.000547309	-0.00328236	0.00238937	0.000187691	0.00125944	0.00117578	-0.00185615	0.00036705	-0.00161635	0.00150803	8.02801e-05	0.000660618	0.00202619	0.00132865	-0.00400532	-0.000841369	2.36857e-05	0.000608126	-0.000943983	0.00207172	-0.00246726	-0.000889487	-0.000171285	0.00169224	0.00116304	0.00200176	-0.00172229	

0.694382	0.700359	0.69082	0.683459	0.688011	0.688791	0.687405	0.695864	0.686191	0.686973	0.677293	0.681413	0.689063	0.687411	0.678918	0.678142	0.691976	0.692712	0.691874	0.681062	0.680223	0.68774	0.685533	0.691738	0.699033	0.688656	0.686663	0.689516	0.69382	0.699519	0.695282	0.697569	0.693678	0.690005	0.693205	0.692367	0.685006	0.693551	0.690058	0.691352	0.677728	0.68624	0.694479	0.682154	0.69002	0.693962	0.69354	0.686566	0.691766	0.688377	0.686009	0.684551	0.692511	0.698299	0.689386	0.686321	0.680054	0.67716	0.690165	0.695851	0.68952	0.692462	0.693577	0.697567	
-0.00157796	-0.000449857	-0.00387015	-0.000588453	0.00209567	0.00110009	0.0012328	-0.000387057	0.000758823	0.00125754	-0.00213233	-0.00371005	-0.00186692	0.00620556	0.000374128	0.00145157	-0.00153328	-0.000839871	0.000287895	-0.00135431	0.000788501	0.000559679	-0.0018706	-0.000206331	0.000727346	0.00214075	-0.00308992	0.000648319	-0.000237416	-9.13031e-05	0.000368427	-0.00271975	0.00395978	1.20746e-05	0.00218094	-0.000197354	0.000578837	0.00179469	0.0010107	0.000678655	0.000462101	-0.0057758	-0.000613001	0.0016705	-0.000729407	0.000562378	-0.000220491	0.000708375	0.00026805	0.00127566	-0.000248263	-0.0015341	0.00163936	0.00030103	-0.000811479	0.00171052	-0.00237611	-0.00202991	-0.00149804	0.00368444	0.00149126	0.000203062	0.00110197	-0.00104688	
4.19021e-07	-4.64141e-08	-5.07394e-07	-9.49587e-07	-1.3766e-06	-1.82768e-06	-2.22735e-06	-2.60754e-06	-2.91263e-06	-3.17934e-06	-3.40489e-06	-3.59167e-06	-3.73615e-06	-3.79181e-06	-3.77254e-06	-3.72612e-06	-3.62632e-06	-3.44181e-06	-3.21975e-06	-2.9379e-06	-2.63044e-06	-2.26058e-06	-1.89476e-06	-1.51278e-06	-1.09886e-06	-6.86033e-07	-3.15329e-07	7.87865e-08	4.57932e-07	7.8731e-07	1.09641e-06	1.41729e-06	1.66909e-06	1.93426e-06	2.16683e-06	2.39495e-06	2.58296e-06	2.7808e-06	2.99187e-06	3.20101e-06	3.40172e-06	3.5715e-06	3.74713e-06	3.9388e-06	4.11172e-06	4.25059e-06	4.40557e-06	4.49138e-06	4.56202e-06	4.57921e-06	4.62205e-06	4.65801e-06	4.62432e-06	4.52057e-06	4.34929e-06	4.1106e-06	3.85804e-06	3.52137e-06	3.17493e-06	2.76557e-06	2.30778e-06	1.83971e-06	1.37071e-06	8.9572e-07	
-0.00121338	-0.000389502	-0.00519098	-0.00195297	0.0020239	7.71506e-05	0.00019574	0.00131331	-0.000203143	0.000690147	-0.000221056	0.000558169	0.000656467	-0.00216119	0.000932655	0.000974321	0.000844755	0.000768038	-0.00130978	-0.00137167	0.0013557	0.000428867	-0.00177131	0.0011473	0.00124856	-0.000561532	-0.00160988	-0.00331888	0.0014196	0.0025243	-0.000562426	0.000463046	0.000368276	-0.00278717	-0.0021286	0.002018	-0.00120081	0.000484716	0.000192912	0.00185062	-0.00205037	0.000541012	-0.000142485	-0.000456342	0.0017165	0.00368245	-0.000951985	-0.000518849	0.000142947	-0.000858796	0.000764689	0.00155827	-0.00301269	-0.002976	1.64412e-05	0.000808151	-0.000901346	0.00172734	0.000660062	0.00270821	-0.000147348	6.53672e-05	0.0011282	0.00216975	

0.694016	0.685644	0.686837	0.693255	0.698318	0.691705	0.679263	0.683311	0.680453	0.679769	0.693556	0.693415	0.691458	0.675528	0.683682	0.681269	0.691877	0.689128	0.693355	0.684097	0.683098	0.683796	0.683789	0.684209	0.687938	0.689058	0.681961	0.681621	0.684122	0.678597	0.68973	0.705635	0.684919	0.687568	0.696762	0.703143	0.697607	0.69579	0.689676	0.686128	0.696859	0.692278	0.6844	0.684906	0.689111	0.681303	0.683621	0.687485	0.682647	0.687038	0.697755	0.695274	0.69156	0.689928	0.681507	0.685791	0.684834	0.687294	0.685183	0.69778	0.692043	0.6853	0.692917	0.688226	
-0.00243291	-0.000649854	-0.00363455	0.00171172	0.00335188	0.000385745	0.00243432	0.000207225	-0.00179152	0.00052676	-0.00341211	-0.0038105	0.00126197	-0.000280146	0.00229532	0.00276715	0.000897134	-0.00144651	-0.000998714	-0.00476336	0.00139806	0.00219878	0.00138294	0.0013291	0.00131045	-0.000792612	-0.00128311	-0.00108387	0.00011291	-0.00100479	0.000288072	-0.00032313	0.000429862	-0.000642866	0.00388976	0.00370913	-0.000494601	-0.00190002	-0.00115545	-0.000906074	-0.000995822	-0.00224146	-0.000412301	9.09428e-06	0.00198022	0.00378209	-0.00311696	0.00202905	-4.40002e-05	-0.00078203	-0.00349205	0.00140883	0.00155393	-9.29446e-05	0.00361704	-0.000113109	-0.00246879	-0.00316798	9.80384e-05	0.00246076	0.00164847	0.000417994	-0.00274424	0.00285529	
3.12785e-07	-3.04176e-08	-3.54906e-07	-6.96265e-07	-1.02043e-06	-1.30521e-06	-1.5824e-06	-1.87309e-06	-2.07865e-06	-2.27763e-06	-2.45083e-06	-2.58513e-06	-2.66306e-06	-2.67775e-06	-2.69736e-06	-2.66145e-06	-2.5948e-06	-2.4491e-06	-2.27747e-06	-2.09369e-06	-1.87408e-06	-1.63615e-06	-1.3495e-06	-1.05998e-06	-7.79868e-07	-5.07319e-07	-2.21038e-07	4.63156e-08	3.09766e-07	5.53261e-07	7.94324e-07	1.01312e-06	1.20226e-06	1.39894e-06	1.56887e-06	1.7234e-06	1.88242e-06	2.02741e-06	2.17585e-06	2.30686e-06	2.44667e-06	2.59306e-06	2.73321e-06	2.85838e-06	2.98864e-06	3.05541e-06	3.15249e-06	3.24902e-06	3.31851e-06	3.35727e-06	3.3577e-06	3.33705e-06	3.28738e-06	3.23175e-06	3.12184e-06	2.96332e-06	2.78453e-06	2.52439e-06	2.24842e-06	1.96984e-06	1.64574e-06	1.32537e-06	9.9601e-07	6.59029e-07	
-0.0029049	0.00181413	0.00265967	-0.00190891	-0.00322521	0.0019545	0.000311157	-0.00107494	0.000643919	-0.0032976	0.00147425	0.00241807	0.0027094	0.000112037	-0.000643808	0.00148795	0.000111729	-0.0048679	0.00363244	-0.00341925	-0.00029988	0.00146329	-0.00112219	0.000759245	0.00202583	-0.00349897	0.0007463	0.000923393	0.00209104	-0.00172362	-0.000429474	0.000919862	0.00257495	-0.00252501	0.000521079	-0.00107694	-0.00359877	0.0029363	0.00076208	-0.00127686	-0.00167142	-0.0018453	0.00245597	-0.000222084	-0.00250556	0.000436095	0.00204303	0.00361564	-0.000205397	-3.59225e-05	0.000209225	-0.000316241	-0.000919051	-0.00285914	-0.00150543	0.00242602	-0.000380141	-0.0012821	0.00305598	0.000610199	0.000740834	-0.00156661	0.00170012	-0.00062393	

0.695793	0.686487	0.695304	0.694735	0.687488	0.699466	0.694802	0.686935	0.685548	0.686435	0.696368	0.686726	0.687238	0.691784	0.689967	0.68699	0.685422	0.689334	0.702353	0.699211	0.681129	0.693147	0.697785	0.691126	0.686142	0.693407	0.686394	0.69436	0.697352	0.690922	0.686323	0.689575	0.694184	0.688527	0.691943	0.688102	0.694996	0.695678	0.698711	0.680455	0.687458	0.696585	0.69511	0.681493	0.680375	0.686695	0.694574	0.692138	0.6805	0.689861	0.694051	0.687102	0.678129	0.69594	0.68757	0.679974	0.686726	0.68975	0.687478	0.696515	0.686098	0.68469	0.689271	0.688525	
-0.00475294	0.00015484	2.55792e-07	0.00167628	0.00160043	0.000263861	0.000242532	0.00317882	0.000164278	-0.00340366	-0.00338965	0.000167885	-0.000800207	0.00157951	-0.0013741	0.00097375	0.00087661	-0.00089919	-0.00145374	0.00109067	0.00064741	0.00033501	0.00357797	-0.00278502	-0.00146208	0.00405719	-0.000262586	-0.00459973	-0.000363097	-0.000230959	0.00277318	0.000828217	0.000598333	-0.00243694	0.00123019	0.00162809	-0.000195577	-0.00258898	0.000595154	-0.00179516	-0.00170631	0.00295431	0.000394403	-0.000368107	0.00166925	0.000577206	-0.000152956	0.000264871	-0.00189528	0.00141341	2.25788e-05	-0.00189268	-0.00122892	-0.00152973	0.00126029	-0.000398297	0.00456485	0.000505064	-0.00281235	-0.000139291	0.00228009	0.0020884	0.00157705	-0.00243207	
2.27088e-07	-1.49739e-08	-2.66104e-07	-4.85561e-07	-7.07289e-07	-9.48207e-07	-1.14338e-06	-1.32324e-06	-1.49732e-06	-1.61842e-06	-1.73788e-06	-1.81628e-06	-1.89619e-06	-1.91681e-06	-1.91588e-06	-1.89182e-06	-1.85376e-06	-1.75635e-06	-1.63864e-06	-1.49797e-06	-1.34641e-06	-1.18059e-06	-9.86071e-07	-7.78212e-07	-5.70976e-07	-3.70592e-07	-1.74351e-07	2.73699e-08	1.98752e-07	3.81431e-07	5.45832e-07	7.15962e-07	8.62054e-07	9.96882e-07	1.12292e-06	1.24263e-06	1.35539e-06	1.46192e-06	1.57555e-06	1.66692e-06	1.75514e-06	1.867e-06	1.9826e-06	2.06143e-06	2.15146e-06	2.2153e-06	2.30493e-06	2.36128e-06	2.37974e-06	2.38572e-06	2.39476e-06	2.38441e-06	2.33726e-06	2.29723e-06	2.2141e-06	2.11454e-06	1.98748e-06	1.78896e-06	1.60263e-06	1.38602e-06	1.16501e-06	9.50194e-07	7.13445e-07	4.7687e-07	
-0.00352552	0.00132353	0.00216349	0.000250277	0.00114476	0.000836985	-0.0019495	-0.00106427	0.000625061	0.00030932	0.000686848	-0.000433179	0.00258005	0.000122391	0.0015371	-0.000367586	0.00412674	0.00106514	-0.00618416	-0.00151291	-0.000432033	-0.000265529	0.00118511	0.0015543	-0.00309956	0.00240611	-0.00299213	-0.00165327	2.5498e-06	0.0014593	0.00175135	0.000223447	0.00121136	-0.000346112	-0.000240295	-0.000133294	-0.00291113	8.44408e-05	-0.00036708	0.00233655	-0.00251193	-0.00114931	0.00294177	-0.000805377	-0.00266627	0.00253838	-0.00237513	0.00112256	-0.000205744	0.000556779	0.00121989	0.00199255	-0.000716939	-0.00259555	-0.00129571	0.000558971	-0.0003953	0.00100857	0.0014514	-0.000268057	0.00068819	0.00205612	-0.00191824	-0.000783973	

0.683694	0.685715	0.69459	0.696695	0.699828	0.689805	0.686432	0.681876	0.680623	0.695278	0.689146	0.682593	0.689885	0.6803	0.687077	0.681848	0.691698	0.703331	0.689824	0.697496	0.686626	0.688707	0.692677	0.683894	0.686289	0.683835	0.699737	0.687839	0.686887	0.693555	0.693347	0.687322	0.676732	0.682464	0.688274	0.690779	0.698733	0.692963	0.694377	0.693194	0.686276	0.682816	0.681422	0.683777	0.68143	0.68699	0.69911	0.688002	0.690905	0.687645	0.687993	0.685523	0.691997	0.680945	0.690769	0.692189	0.690506	0.697737	0.690365	0.692073	0.687265	0.68392	0.694179	0.685671	
0.00168187	-0.00170065	0.000913764	0.00457762	0.00078433	-0.0011979	-3.79043e-05	-0.00133337	-0.000642883	-8.19155e-05	-0.00140091	-0.00188834	0.00307157	0.00167116	-0.0024562	-0.00132833	0.000355826	-0.00193693	0.00147916	0.0012387	-0.00294027	0.00320004	-0.000701755	0.00259734	-0.00134181	-0.00250157	0.00201025	-0.00107998	-0.000269653	0.000150221	0.00112489	0.00181501	-0.00287254	0.00174939	0.000170675	0.00237745	-0.0026741	0.00241924	-0.00126999	-0.00270884	-0.00244257	0.000437363	0.00278176	0.00398621	-0.00256379	-0.000324732	-0.00196396	-0.000144615	-0.00135996	0.00101674	-0.00144875	-0.000976816	-0.00165748	-0.00410401	0.00118521	0.00346659	0.00320377	0.00281329	-0.00262329	0.00171708	-0.0010768	0.00142996	-0.00153128	-0.00149577	
1.60971e-07	-1.59925e-08	-1.82695e-07	-3.47035e-07	-5.07195e-07	-6.63701e-07	-8.10547e-07	-9.44411e-07	-1.06134e-06	-1.15742e-06	-1.24207e-06	-1.29637e-06	-1.34424e-06	-1.36776e-06	-1.371e-06	-1.34488e-06	-1.31402e-06	-1.25938e-06	-1.1789e-06	-1.08235e-06	-9.57984e-07	-8.46529e-07	-7.10836e-07	-5.70925e-07	-4.13512e-07	-2.70464e-07	-1.38328e-07	7.26785e-09	1.4559e-07	2.71805e-07	3.89366e-07	5.04998e-07	6.07462e-07	7.12616e-07	8.0971e-07	8.95581e-07	9.81362e-07	1.0665e-06	1.1413e-06	1.21362e-06	1.28172e-06	1.35036e-06	1.41153e-06	1.48701e-06	1.55025e-06	1.60556e-06	1.65115e-06	1.69606e-06	1.72659e-06	1.74493e-06	1.74608e-06	1.71676e-06	1.69467e-06	1.65688e-06	1.59054e-06	1.51836e-06	1.40239e-06	1.2936e-06	1.16132e-06	1.00703e-06	8.44184e-07	6.77363e-07	5.15368e-07	3.44393e-07	
0.00163435	0.00160818	-0.000152653	0.00164814	-0.00192646	0.00232151	0.000566219	0.000588137	-0.00269973	-0.002015	0.00167281	-0.00111797	0.00502437	0.000582042	0.00240572	0.00170874	-0.00156769	-0.00100024	-0.00196571	0.00050369	-0.00216643	-0.00121242	-0.000821427	0.000985508	0.00166695	-0.00131214	0.000532578	0.00324127	-0.00187399	-0.00129194	-0.00154454	-0.000125327	0.00338797	-0.00261214	-0.000585027	0.00046224	-0.000748551	0.000347582	0.000710297	0.00113387	-0.000679439	-0.000739721	-0.000700904	0.00421711	-0.00380067	-0.00230201	-0.000747027	-0.000968709	-0.000133635	0.00225782	-0.000283424	0.00424009	0.00271094	-0.00477263	0.000747023	0.00203585	-0.00251951	-0.00106174	-0.000546697	0.000244587	-0.000738879	0.00166032	-0.00148654	-0.00230143	

0.682816	0.695397	0.695711	0.683707	0.682412	0.686731	0.67819	0.684655	0.682556	0.687399	0.691375	0.695055	0.695701	0.696386	0.689406	0.682758	0.691251	0.688515	0.691909	0.693508	0.685014	0.691979	0.685079	0.684741	0.693155	0.693522	0.678848	0.683616	0.686742	0.685015	0.683066	0.692206	0.68651	0.686105	0.692254	0.700318	0.698645	0.695662	0.677477	0.682286	0.684797	0.682514	0.677592	0.684182	0.687052	0.685189	0.689497	0.688352	0.680423	0.685883	0.679931	0.68871	0.686007	0.68874	0.683902	0.690937	0.689234	0.692954	0.687281	0.687489	0.691533	0.692636	0.697124	0.686179	
0.0030477	0.00263309	0.00211453	-0.000631276	-0.00132242	-0.00131854	0.000529609	-0.000172709	0.00260557	-0.00130049	-0.00170658	-9.69362e-05	-0.00203349	0.0035889	-0.000517347	-0.00244368	0.00200293	-0.00152438	0.00174089	-0.000676698	0.000200293	-0.000855695	0.000148036	-0.00387132	0.00219808	0.00086775	0.00249532	-0.00429981	0.00107929	0.000591476	0.000197912	-0.00160586	-0.00232919	0.0030073	-0.00170528	0.0012655	0.002098	0.00162284	-0.00138715	0.00170237	-0.00377573	-0.00129605	0.00414671	-0.000776566	0.00126653	-0.00121977	0.000874802	-0.00378794	0.000493756	0.000218251	-0.000529349	-0.00625381	0.00050714	0.00102733	-0.00123352	-0.000856534	0.00361894	0.00443638	0.00257934	-0.00192818	-0.00128367	-0.000571116	-0.000333429	-0.00172697	
1.17196e-07	-6.66321e-09	-1.31213e-07	-2.47375e-07	-3.63093e-07	-4.73051e-07	-5.70746e-07	-6.67748e-07	-7.5176e-07	-8.23638e-07	-8.81276e-07	-9.31752e-07	-9.56091e-07	-9.73524e-07	-9.73044e-07	-9.63422e-07	-9.3367e-07	-8.96586e-07	-8.38048e-07	-7.73931e-07	-6.88955e-07	-5.98283e-07	-5.07159e-07	-4.02532e-07	-3.03943e-07	-1.96218e-07	-9.86663e-08	3.78512e-09	9.71195e-08	1.84864e-07	2.76611e-07	3.6288e-07	4.39582e-07	5.12015e-07	5.80145e-07	6.47895e-07	7.09175e-07	7.64546e-07	8.14776e-07	8.71733e-07	9.18562e-07	9.65279e-07	1.01651e-06	1.07033e-06	1.11816e-06	1.15537e-06	1.18127e-06	1.21003e-06	1.22615e-06	1.24349e-06	1.23375e-06	1.22835e-06	1.20537e-06	1.17413e-06	1.13161e-06	1.06982e-06	1.0072e-06	9.24272e-07	8.29371e-07	7.27979e-07	6.14546e-07	4.96383e-07	3.73027e-07	2.45127e-07	
-0.00111532	-0.000661754	-0.00301435	0.00153616	0.00386943	0.00142351	0.000604691	-0.000247898	-0.00312672	0.00143235	-0.00190337	-0.000615786	0.00310667	0.00031072	0.00136283	-0.000539448	-0.0018835	0.0024791	0.00260947	-0.000130046	-0.00489259	5.84735e-05	0.00014927	0.00119	-0.0003677	-0.000809469	-0.000800615	0.0017471	0.000713966	0.00147388	-0.0018786	-0.000987939	0.00249689	0.000411315	9.75306e-05	-0.000845414	-0.00162911	0.00125521	0.00115746	-5.06455e-05	-0.00206078	0.00350132	-0.00231557	-0.000216962	-0.0021108	0.000267985	0.00120739	-0.000553847	0.00150157	-0.00258652	0.000994948	8.47253e-05	0.00105221	-0.00116533	0.000423749	-0.0013909	0.000779082	0.00184324	-0.000655477	-8.40969e-05	0.00342179	-4.75348e-05	-0.00191735	-0.00277024	

0.683763	0.683975	0.682819	0.689824	0.687923	0.696642	0.696316	0.687848	0.688008	0.69059	0.685312	0.686264	0.698556	0.695075	0.693169	0.695883	0.686956	0.683225	0.683502	0.690782	0.682448	0.686773	0.691318	0.696712	0.694745	0.689394	0.693387	0.681032	0.676304	0.680505	0.688297	0.689548	0.695895	0.689231	0.682038	0.694491	0.697225	0.691517	0.689688	0.685008	0.694899	0.696487	0.689076	0.681294	0.691649	0.680924	0.690546	0.684471	0.69114	0.681241	0.698611	0.690028	0.689843	0.677197	0.689232	0.680915	0.685679	0.690125	0.686045	0.689519	0.690531	0.689073	0.689555	0.685668	
0.00102271	0.0023227	0.00388397	0.00148913	-0.00108717	-0.00243518	-0.000931122	0.0026466	-4.18901e-05	0.000307294	-0.00116215	-0.00238366	0.000206375	-0.00113811	-8.67745e-05	0.000322503	-6.30011e-05	-0.000569709	0.00126738	0.00211508	0.00166127	0.000376891	-0.00403432	-0.000853987	-0.00254739	0.00113744	0.00100422	0.00292547	0.00130726	-0.000403055	0.00133161	0.000314241	-0.00277155	-0.00237518	-0.00145629	0.00250084	0.00454062	-0.000359591	-0.000335092	-0.00254304	-0.00387233	0.00279079	-3.04123e-05	0.00176689	0.000507058	-0.00195266	-8.35264e-05	-0.00295736	0.00321902	-1.23332e-05	-0.00149068	-0.00403854	-0.00145195	-0.00096791	-0.00150861	0.00485395	0.00174155	0.0018746	-0.000127649	0.00220796	0.000321486	-0.00299148	0.000433365	-0.0025158	
8.96634e-08	-3.32025e-09	-9.15314e-08	-1.77143e-07	-2.59575e-07	-3.36641e-07	-4.09721e-07	-4.74779e-07	-5.36619e-07	-5.83585e-07	-6.24926e-07	-6.58924e-07	-6.86917e-07	-6.98722e-07	-6.95847e-07	-6.89381e-07	-6.66402e-07	-6.34063e-07	-5.94328e-07	-5.49203e-07	-4.93103e-07	-4.27733e-07	-3.60063e-07	-2.9125e-07	-2.17358e-07	-1.46373e-07	-7.18384e-08	-3.73161e-09	6.82004e-08	1.37282e-07	2.01561e-07	2.59063e-07	3.12261e-07	3.65224e-07	4.20659e-07	4.66818e-07	5.13485e-07	5.52952e-07	5.89485e-07	6.25427e-07	6.65284e-07	7.00427e-07	7.36276e-07	7.73946e-07	8.03947e-07	8.28648e-07	8.53669e-07	8.70543e-07	8.85467e-07	8.87066e-07	8.94389e-07	8.79934e-07	8.70627e-07	8.44437e-07	8.11578e-07	7.6504e-07	7.13387e-07	6.64522e-07	5.94518e-07	5.19897e-07	4.44311e-07	3.59565e-07	2.71522e-07	1.79095e-07	
0.000811133	-0.000115112	-0.00079572	0.00128784	-0.00285867	0.0044707	-0.00261853	-0.00158705	-0.00204657	-5.7169e-05	0.00132119	0.000306434	0.00104241	-0.00235064	0.00704678	-5.52666e-05	0.00199412	-0.0010163	-0.000225573	-0.0013753	0.00210778	-0.00255797	-0.00304638	-0.00192091	0.00196993	0.000390423	8.76148e-05	0.00125947	0.00118104	0.000995497	0.000653497	-0.00326263	-0.00184449	0.00222233	0.00160541	0.00263001	-0.0040852	0.00143017	7.74698e-05	0.000978546	-0.00140013	7.97053e-05	0.000111619	-0.000276889	-0.00175212	-0.000810957	-0.000149712	0.00155579	0.000256206	-0.00143329	0.00313722	-0.0021048	-0.000598707	0.00149648	0.000644528	0.00191679	-0.00258864	0.00178134	-0.000498052	-0.00230433	-0.000463086	-0.00178365	0.00211871	0.00121643	

0.681457	0.684257	0.687134	0.689547	0.680551	0.683191	0.687473	0.686683	0.695874	0.687384	0.696036	0.689069	0.693724	0.693344	0.697974	0.69486	0.67815	0.686105	0.682323	0.687972	0.695365	0.689521	0.692808	0.694233	0.691516	0.686431	0.68503	0.678789	0.679956	0.679808	0.678967	0.693888	0.686415	0.68733	0.68638	0.689835	0.689425	0.688145	0.697154	0.700378	0.685582	0.689453	0.689176	0.686753	0.686595	0.685433	0.690418	0.687511	0.684366	0.687418	0.692065	0.688296	0.690533	0.697493	0.693282	0.681003	0.683361	0.691278	0.682396	0.680159	0.690168	0.687704	0.696382	0.684243	
0.00148318	0.000899141	0.000801971	-0.000541749	0.00178383	0.00128159	-0.00116529	0.00254396	-0.00364819	-0.00111292	-0.000738554	-0.00046765	-0.00258485	-0.00224349	0.00297846	-0.000949961	0.00105977	0.00401991	0.00453004	-0.0031623	-0.00240286	-0.00093332	-0.000718511	-0.000126813	0.000349001	0.00251475	-0.000277642	-0.000580374	0.000280222	0.000994109	-0.000673905	0.000616656	-0.000112176	-0.00335307	-0.00216634	-0.000109628	0.00124769	0.00142123	0.00514542	-0.00299535	0.00132366	0.000316225	0.000155471	0.000415628	3.07782e-05	-0.000699232	-0.00143849	-0.00020299	0.0024499	0.00117143	-0.000208301	-0.00186332	-0.00229405	-0.00201386	0.00147151	-4.70912e-05	0.00369267	-0.00289514	-0.00160299	-0.00329522	-0.000311518	-0.000589424	0.00447935	-0.000830694	
6.37281e-08	-1.40348e-10	-6.26871e-08	-1.26649e-07	-1.83582e-07	-2.39766e-07	-2.9393e-07	-3.379e-07	-3.79849e-07	-4.17769e-07	-4.44867e-07	-4.73455e-07	-4.91209e-07	-4.97633e-07	-4.97092e-07	-4.8895e-07	-4.73786e-07	-4.52034e-07	-4.23395e-07	-3.91253e-07	-3.50126e-07	-3.05938e-07	-2.57622e-07	-2.02689e-07	-1.53335e-07	-1.03633e-07	-5.24681e-08	-1.35936e-09	4.75132e-08	9.57535e-08	1.42709e-07	1.84949e-07	2.25405e-07	2.66355e-07	3.03127e-07	3.37329e-07	3.68401e-07	3.98948e-07	4.26704e-07	4.55893e-07	4.86023e-07	5.11411e-07	5.34346e-07	5.59749e-07	5.76415e-07	5.98745e-07	6.13789e-07	6.27025e-07	6.28456e-07	6.40439e-07	6.40545e-07	6.25318e-07	6.20564e-07	6.07937e-07	5.87029e-07	5.48671e-07	5.13053e-07	4.66593e-07	4.18795e-07	3.70884e-07	3.15348e-07	2.55551e-07	1.93074e-07	1.28818e-07	
-0.0017696	-0.00033879	0.00242789	0.000565136	0.00234237	-0.000303518	-0.00386269	0.000622945	-0.00310118	0.00211211	-0.00257129	0.000720472	0.00037545	8.20591e-05	0.000564665	-0.00181429	0.000823399	0.00560123	0.000272908	0.0011166	-0.00060688	-0.000700079	-0.00288057	-0.00169263	-0.00123544	6.28503e-05	0.000415446	2.80907e-05	0.00399978	-0.00247786	0.000658199	0.00031131	-0.000273609	-0.00162082	0.00221097	-0.00123444	0.00264785	-0.00223057	0.000268181	0.00260084	0.00181707	-0.00134496	-0.00263002	-0.00350528	8.47081e-05	0.00310036	-0.000960092	-0.00048362	0.00228909	0.00127462	-0.000136765	-0.00374396	0.00103617	0.000436782	0.000270885	-0.00110158	0.000281428	-0.00222023	0.00208029	0.000802529	0.00117925	-0.000253256	0.00141696	-0.000308488	

0.677872	0.683873	0.681496	0.691826	0.680457	0.679641	0.690249	0.687805	0.685636	0.68715	0.689077	0.699353	0.694327	0.688903	0.682224	0.689367	0.689766	0.689513	0.680101	0.695472	0.697123	0.692332	0.695641	0.683856	0.682777	0.680796	0.684833	0.685984	0.674073	0.675646	0.676881	0.681031	0.673841	0.685374	0.682439	0.688927	0.69358	0.687802	0.689859	0.691104	0.69454	0.684959	0.698421	0.690215	0.69174	0.685021	0.687035	0.670087	0.664568	0.675398	0.699222	0.688196	0.680181	0.685748	0.68484	0.696756	0.679066	0.672041	0.684595	0.679605	0.68013	0.683899	0.688892	0.684047	
-3.56861e-05	0.000937919	-0.000966188	0.00271699	0.000782422	0.000364401	-0.0029015	-0.000890585	-0.00301152	-0.000869608	0.00162299	0.000867602	-0.000602855	0.00234807	0.00252663	-0.00295158	0.00361455	0.00341905	-0.000386369	-0.00236024	-0.00208446	-0.00238364	-0.000177254	0.000302132	-0.00203463	0.0020639	-0.000172038	0.00243476	0.00257874	-0.00338008	-0.000328192	-0.0011785	-0.000231696	0.0010782	-0.00621168	0.00128595	0.00392747	0.00241451	0.00422959	-0.00513397	0.00200834	0.00103212	0.000966506	-0.00133069	0.00257885	-0.000713874	-0.00257728	-0.00128039	-0.00227023	-0.000916039	-0.00051508	-0.00148322	-0.00126341	0.00164287	0.00311541	-0.000134007	-0.000211101	0.00113796	-0.000737418	-0.00154429	-0.00276686	0.00247019	0.000262432	0.000366828	
4.47373e-08	-1.71354e-09	-4.58278e-08	-9.0363e-08	-1.30758e-07	-1.71509e-07	-2.09644e-07	-2.41537e-07	-2.69561e-07	-2.96757e-07	-3.16802e-07	-3.36292e-07	-3.46194e-07	-3.54177e-07	-3.53419e-07	-3.48316e-07	-3.38824e-07	-3.22932e-07	-3.0255e-07	-2.80547e-07	-2.51613e-07	-2.1837e-07	-1.84913e-07	-1.49721e-07	-1.13401e-07	-7.57221e-08	-3.91958e-08	-2.65507e-09	3.38824e-08	6.8388e-08	1.01191e-07	1.3274e-07	1.62344e-07	1.91164e-07	2.17034e-07	2.40793e-07	2.6412e-07	2.87633e-07	3.07211e-07	3.26994e-07	3.47903e-07	3.68855e-07	3.91262e-07	4.02909e-07	4.17642e-07	4.28408e-07	4.38273e-07	4.49468e-07	4.5491e-07	4.57272e-07	4.54091e-07	4.48516e-07	4.44298e-07	4.32422e-07	4.16376e-07	3.91483e-07	3.65166e-07	3.33395e-07	3.00998e-07	2.65176e-07	2.24668e-07	1.81566e-07	1.37438e-07	9.17982e-08	
-0.00273203	-0.00166644	0.00359546	0.000680905	0.00160643	-0.00133462	-0.00175996	-0.00258795	-0.00152802	0.00277609	-0.000305219	0.00020202	0.000138588	0.00180136	0.00141716	-0.00118661	-0.00180119	-0.000855175	0.00294397	-0.00115621	4.01725e-05	-0.000856288	0.000956159	-0.00155199	-0.00157624	0.00186469	0.00125709	-0.001067	0.00184334	-0.00141656	-0.0019615	0.00154888	-1.15792e-05	-0.00180478	-0.00099443	0.000556067	0.00143491	-0.000394987	0.00241933	-0.00223266	0.000851413	0.000336616	0.000979275	-0.00341952	-0.00213679	0.003147	-0.000115336	-0.000186873	0.000640475	0.00197726	0.000171819	-0.00137088	0.0024261	-0.0022423	-0.00438159	0.000455305	0.00311736	-0.000376731	0.000154152	0.000503485	-0.000277061	0.00188013	-0.00130492	0.00335857	

0.686641	0.687034	0.687654	0.689408	0.68907	0.686519	0.68966	0.681799	0.690064	0.690048	0.692373	0.688553	0.682427	0.679376	0.680749	0.693303	0.689265	0.67888	0.67984	0.68216	0.687705	0.697263	0.694356	0.691614	0.688483	0.689476	0.684667	0.686626	0.677594	0.683128	0.685614	0.688691	0.692939	0.686691	0.678955	0.683552	0.691158	0.69788	0.698669	0.688666	0.693954	0.701479	0.689483	0.695064	0.684293	0.684066	0.690598	0.692851	0.683047	0.695462	0.690766	0.689027	0.678583	0.678667	0.673307	0.687362	0.690528	0.67796	0.675374	0.676576	0.681431	0.683414	0.681141	0.686999	
0.000936905	-0.00380957	0.00102447	-0.00142967	0.00129705	1.79906e-05	0.00101074	-0.00279795	0.00263659	0.0026945	-0.00161157	-0.00152661	-0.000934711	0.00196673	0.000547766	-0.00109913	0.000772664	0.00135187	0.00435405	-0.00192494	-0.00177195	-0.00171785	0.000446869	-0.00297739	-0.000981844	0.00112404	-0.0024843	-0.00130955	0.00323867	0.00386024	-0.00305254	-0.000419738	0.00137883	0.000100581	-0.00323402	0.00125087	-0.000950248	0.00161829	0.0024475	0.00048254	-0.002186	0.00103388	-0.000972772	0.00331797	-0.00100915	0.00167676	0.000699302	-0.00627209	0.00264958	-0.0017261	-0.000908651	-0.000246808	-0.000634792	0.000875755	-0.00121511	0.00257514	-0.000431824	-0.00336574	0.000194211	0.00322894	0.000821336	-0.00146573	0.000270686	0.0023854	
3.28461e-08	9.93893e-10	-3.32459e-08	-6.40703e-08	-9.47192e-08	-1.22594e-07	-1.48653e-07	-1.70956e-07	-1.91776e-07	-2.09865e-07	-2.25308e-07	-2.37587e-07	-2.46095e-07	-2.51544e-07	-2.5168e-07	-2.49762e-07	-2.42043e-07	-2.29937e-07	-2.16665e-07	-1.98629e-07	-1.77799e-07	-1.55845e-07	-1.31594e-07	-1.07489e-07	-8.28936e-08	-5.62705e-08	-2.92599e-08	-3.01364e-09	2.32309e-08	4.85554e-08	7.19861e-08	9.54081e-08	1.16834e-07	1.3772e-07	1.56047e-07	1.72538e-07	1.89891e-07	2.05473e-07	2.21928e-07	2.3477e-07	2.50845e-07	2.64605e-07	2.77258e-07	2.8902e-07	2.99462e-07	3.09046e-07	3.18602e-07	3.24798e-07	3.29524e-07	3.31205e-07	3.28252e-07	3.24977e-07	3.20205e-07	3.10398e-07	2.96753e-07	2.81961e-07	2.63292e-07	2.417e-07	2.1474e-07	1.89592e-07	1.61901e-07	1.31701e-07	9.97204e-08	6.53468e-08	
0.00118882	-0.000666878	0.00244529	0.0025729	0.000691605	-0.00182169	-0.00164555	0.000517589	0.000966403	-0.00123029	0.000550016	-0.000610267	-0.00256083	0.00466832	0.00176251	-0.00239601	-0.00327706	0.00166045	-0.00136581	0.00137541	-0.000366749	0.002008	0.00162784	-0.00320153	-0.00167752	0.000370299	-0.000430857	-0.00269066	0.00205113	0.00129912	0.000842508	-0.00140691	0.00237616	-0.000915545	-0.000793303	0.00141547	0.00204112	-0.00125393	-0.00199478	-0.00021429	-0.00101042	0.00265536	-0.00071807	-0.00104957	-0.000742419	-0.000236267	-0.000734786	-0.000261555	0.00144095	7.69548e-05	0.000307929	0.00146248	-0.000525548	0.00169733	-0.00293916	0.000981694	-0.000174532	-0.00118324	0.000413253	-0.00162259	-0.00115257	0.00121167	0.00146082	-0.00237879	

0.68357	0.692817	0.693285	0.688681	0.69942	0.690737	0.689064	0.686245	0.683202	0.687937	0.695016	0.691969	0.679964	0.675364	0.680532	0.677171	0.681201	0.679354	0.683708	0.686358	0.682128	0.686991	0.6865	0.67865	0.68098	0.686146	0.688012	0.693675	0.686053	0.685099	0.683831	0.691335	0.695492	0.692624	0.691997	0.694497	0.684792	0.688455	0.693938	0.689352	0.681151	0.694156	0.676512	0.68586	0.689728	0.690447	0.694174	0.694856	0.691358	0.68947	0.692326	0.699673	0.690576	0.693309	0.673297	0.677784	0.68475	0.681875	0.685095	0.683525	0.688925	0.684624	0.687549	0.690751	
-0.000463917	0.000388047	0.000186775	0.00213181	-0.00225025	-0.000801213	-0.00175852	0.000824204	0.000380955	-0.00364505	0.000777611	-0.000409259	0.000461856	0.00147226	0.00224485	0.00104696	-0.00102208	-0.000656728	0.000448052	0.0045442	-0.000824902	-0.00400478	0.00270649	-0.00076032	-0.00167316	0.00177552	-0.00106884	-0.000688084	0.000876712	0.00215571	-0.000380779	-0.00212028	0.000644245	-0.000127386	-0.00176645	0.00314059	-0.00207699	-0.000552585	0.00302389	0.00220837	-0.00330588	-0.00139961	0.00115666	-0.000414157	-8.59332e-05	0.00373966	-0.000426318	-0.00434777	-0.00063659	0.000575198	-0.00313665	0.000363656	0.00143156	0.000867499	-5.6162e-05	-0.000724753	-0.00151637	0.00488803	0.000633737	-0.00211088	-0.00220049	-0.000457219	0.00131928	0.00147048	
2.38133e-08	7.83829e-10	-2.30383e-08	-4.55038e-08	-6.71557e-08	-8.66547e-08	-1.04698e-07	-1.21823e-07	-1.35943e-07	-1.48622e-07	-1.60651e-07	-1.69543e-07	-1.75771e-07	-1.80429e-07	-1.80412e-07	-1.77675e-07	-1.72707e-07	-1.64705e-07	-1.54476e-07	-1.41235e-07	-1.2705e-07	-1.11216e-07	-9.51234e-08	-7.77142e-08	-5.83268e-08	-4.05037e-08	-2.123e-08	-2.50667e-09	1.54281e-08	3.33275e-08	5.03204e-08	6.77602e-08	8.32037e-08	9.82282e-08	1.12089e-07	1.24641e-07	1.35983e-07	1.48429e-07	1.60274e-07	1.70547e-07	1.8017e-07	1.90112e-07	1.99544e-07	2.09572e-07	2.17346e-07	2.25095e-07	2.32382e-07	2.37337e-07	2.38289e-07	2.38094e-07	2.38851e-07	2.36251e-07	2.31116e-07	2.24584e-07	2.14804e-07	2.02608e-07	1.89179e-07	1.71841e-07	1.5495e-07	1.36128e-07	1.16263e-07	9.42248e-08	7.16461e-08	4.79705e-08	
-0.00162683	0.00108621	0.00386544	-0.0015961	0.000448088	-0.00244265	-6.7383e-06	0.00190632	-0.00154409	-0.00103871	0.00230848	-0.00255087	-0.0023352	0.000703904	0.00263754	0.00215058	0.000649316	2.83843e-05	-0.0030806	-8.63102e-05	-0.00269907	0.00402174	-0.000519206	-0.0025665	0.00171524	-0.000419007	-0.000307328	0.000123607	-0.000284742	0.00212781	-0.00217822	0.00112684	0.00147997	0.00101279	0.00220486	0.000585698	0.000576218	-0.00371028	-0.00193218	-0.0020501	0.00141776	-0.000810663	0.00137632	0.0010761	0.000578649	0.000306838	0.000711001	0.000110854	-0.00279212	0.0013834	0.000150009	0.00173354	-0.000836319	-0.00156454	-0.00206058	0.000448583	0.00206995	-0.00154053	-0.00297689	-0.000364271	0.000242586	0.00195418	0.000518997	0.000110158	

0.68629	0.679739	0.670792	0.691782	0.689131	0.681578	0.679427	0.678307	0.687464	0.678237	0.684405	0.684747	0.683503	0.695	0.684403	0.678377	0.68697	0.67444	0.682752	0.676264	0.673067	0.692552	0.692694	0.691891	0.69739	0.698044	0.693818	0.692542	0.681848	0.686928	0.691203	0.683341	0.679403	0.688077	0.693804	0.691569	0.695424	0.698831	0.689075	0.682086	0.696488	0.691106	0.6797	0.679541	0.693212	0.688896	0.689019	0.688204	0.681149	0.687191	0.686735	0.683692	0.690535	0.687058	0.680015	0.689068	0.67666	0.683136	0.696236	0.687527	0.684199	0.684262	0.696633	0.680862	
-2.25468e-05	0.000127817	0.00293977	0.000968291	-0.000153664	-0.00148928	-0.00214341	-0.00487849	0.00207879	-0.000591298	0.00236096	-0.000766411	0.00147745	-4.1161e-05	0.00166228	-0.00146132	-0.00119847	0.00284978	0.00286805	0.000388395	-0.00184964	-0.000202845	0.00176045	-0.000929836	-0.000655593	0.000263099	-0.00144434	-0.000424791	0.00108539	0.00350961	-0.000781955	-0.000392766	-1.25614e-05	-0.000266	-0.00352496	-0.00125865	3.19729e-05	0.00174421	0.00249461	-0.0036279	-0.00244747	-0.00115452	0.000774448	0.000174174	-0.000215664	0.000343762	0.00344185	0.000227785	0.00079714	-0.00102634	-0.00199128	0.00196047	0.000467383	-0.00605945	0.000165643	0.00135005	4.2295e-06	0.00562715	-0.000447165	-0.00345984	-9.74868e-05	-0.00368014	0.00114397	0.00394645	
1.66003e-08	5.86567e-10	-1.51245e-08	-3.16934e-08	-4.6721e-08	-6.0693e-08	-7.34593e-08	-8.54904e-08	-9.73744e-08	-1.06545e-07	-1.14884e-07	-1.21257e-07	-1.26531e-07	-1.29317e-07	-1.2861e-07	-1.27154e-07	-1.23803e-07	-1.1776e-07	-1.10909e-07	-1.01308e-07	-9.01061e-08	-7.95575e-08	-6.79235e-08	-5.56054e-08	-4.25959e-08	-2.90519e-08	-1.58074e-08	-2.72631e-09	1.09273e-08	2.39242e-08	3.64644e-08	4.84576e-08	5.94776e-08	7.02023e-08	7.9807e-08	8.88264e-08	9.86941e-08	1.08131e-07	1.15997e-07	1.23736e-07	1.31418e-07	1.38374e-07	1.44606e-07	1.53095e-07	1.57348e-07	1.60516e-07	1.63701e-07	1.66909e-07	1.71253e-07	1.71933e-07	1.71767e-07	1.67968e-07	1.65999e-07	1.60574e-07	1.53922e-07	1.46227e-07	1.35581e-07	1.24318e-07	1.12033e-07	9.79732e-08	8.37431e-08	6.7494e-08	5.08549e-08	3.45202e-08	
0.0022293	0.00251867	-0.000303173	-0.000402038	0.000766876	-0.00342337	0.00214064	-0.00149047	-0.00113817	0.00288372	-0.000372339	0.000470797	-0.00192865	-0.00202899	-0.00201542	0.000435785	0.00385155	-0.0018041	-0.000700578	-0.000955321	0.000702001	0.00143455	-0.00132982	0.0024561	0.000493751	-0.00282907	-0.000412418	0.000768829	0.00108088	0.000514729	-0.00152577	-0.00183027	0.000724539	0.000593505	0.00182965	0.00182892	-0.00215049	0.0022878	0.000989755	-0.00233208	-0.00348271	0.00205968	0.000146735	0.00100039	-0.000498526	-0.000753918	-0.000625056	-0.000548484	0.000993013	0.000453715	0.00113281	0.000726502	-0.00140116	0.00204911	-0.00348767	0.00316858	-0.00310677	-0.000169555	-0.000674975	0.000410299	0.000437449	0.00183866	-0.00161353	-0.00140771	

0.690789	0.689238	0.690682	0.681184	0.678686	0.679383	0.681878	0.681865	0.68658	0.685045	0.674132	0.691845	0.682893	0.695642	0.690598	0.693222	0.689828	0.69325	0.690288	0.68952	0.69268	0.690098	0.684726	0.677909	0.684925	0.680916	0.680821	0.68027	0.679902	0.693703	0.684758	0.688724	0.691302	0.686463	0.688517	0.687306	0.696928	0.68995	0.690754	0.691604	0.679361	0.684061	0.69106	0.695841	0.694424	0.699334	0.691193	0.692773	0.682973	0.684078	0.692464	0.698761	0.69384	0.693131	0.688634	0.682844	0.682329	0.692252	0.687288	0.683226	0.687357	0.684473	0.685223	0.685054	
-0.00257222	0.000754279	0.00376567	-0.00383546	-0.000620521	-0.000947645	-0.00205393	-0.00243764	-0.000506387	0.00220291	0.00114507	0.000628415	0.000576895	0.00045657	0.00165073	-0.00155776	0.00103208	0.000375329	0.00111523	0.00171418	-0.0014658	0.000872674	-0.000323996	-0.000543094	-0.00310012	0.00449235	-0.00220987	0.00210055	-0.000543062	-0.00210774	-8.67488e-05	0.000830613	0.000860458	0.000829831	-0.00233691	0.00315352	-0.000927731	1.85058e-05	-0.00256522	-0.00400996	0.00304081	-0.00490429	0.00103342	0.00182162	-2.63982e-05	0.00317467	-0.00202782	-0.000558145	0.00345684	-0.000402188	-8.86411e-05	-0.00186253	-0.00340428	-0.00293636	0.00340969	-0.000550737	0.00414657	0.000644182	-0.00326219	-0.000721358	0.000409414	0.00128035	0.00415479	-7.72226e-05	
1.271e-08	8.25907e-10	-1.09569e-08	-2.21171e-08	-3.25958e-08	-4.28143e-08	-5.23511e-08	-6.1248e-08	-6.95115e-08	-7.65209e-08	-8.14424e-08	-8.65773e-08	-8.92148e-08	-9.15773e-08	-9.15431e-08	-9.08227e-08	-8.74651e-08	-8.36104e-08	-7.86829e-08	-7.25386e-08	-6.47568e-08	-5.70432e-08	-4.86992e-08	-3.97332e-08	-3.03408e-08	-2.09536e-08	-1.12409e-08	-1.4834e-09	7.72516e-09	1.72784e-08	2.60778e-08	3.46731e-08	4.24972e-08	5.01504e-08	5.6981e-08	6.37162e-08	7.13323e-08	7.78735e-08	8.33411e-08	8.84804e-08	9.41523e-08	9.93069e-08	1.04479e-07	1.0888e-07	1.12433e-07	1.16094e-07	1.19512e-07	1.21225e-07	1.2237e-07	1.24604e-07	1.22971e-07	1.21875e-07	1.18987e-07	1.15445e-07	1.10793e-07	1.04417e-07	9.67082e-08	8.87779e-08	8.04587e-08	7.07136e-08	6.07764e-08	4.90297e-08	3.67183e-08	2.52177e-08	
0.00190304	0.00176138	-0.000295443	-0.00203578	0.00208988	2.34882e-05	-0.00249898	-0.000625225	-0.000326666	-0.000655668	0.00154786	0.000113166	-0.00244838	-0.0024904	0.00136854	-0.000891648	0.00143846	0.00189936	-0.000439306	-0.00331251	-0.00287429	-0.000947345	0.00417085	0.00356803	-0.00326098	-0.00014747	0.000645555	0.000787309	-0.000746214	-0.00205875	0.000550092	0.00193381	0.000106742	-0.000560465	0.00330106	-0.00274152	0.0023519	-0.00252454	0.0019225	0.000559878	-0.00261513	0.00121495	0.000949947	-0.000247662	-0.000274219	-0.00103856	-0.00178869	-0.00150862	0.00232084	0.000570186	-0.00255602	0.0019548	-0.00112391	0.00294411	-0.00223292	-0.00180472	-0.0015406	0.0020717	0.00230798	-0.00200022	0.00331599	-0.000607351	-0.00091175	0.00124836	

0.689194	0.690344	0.688174	0.687177	0.68725	0.685412	0.684335	0.689651	0.690932	0.682509	0.683817	0.686431	0.688391	0.687208	0.686323	0.697524	0.694176	0.68555	0.674323	0.671894	0.687131	0.686577	0.685824	0.677938	0.68597	0.686727	0.689359	0.68426	0.681574	0.683265	0.685839	0.688855	0.692486	0.691886	0.682797	0.697827	0.698823	0.690661	0.688646	0.685535	0.680386	0.685325	0.687361	0.683804	0.683347	0.695342	0.699059	0.690382	0.684436	0.684093	0.690074	0.695882	0.696919	0.69307	0.683412	0.689924	0.68939	0.683553	0.67944	0.691146	0.695843	0.685959	0.68332	0.676862	
-0.000919199	0.00271097	-0.00131584	0.00215743	0.000334112	-0.00253793	-0.00152151	-0.0039687	0.000659588	0.00249292	-0.000805851	0.00131175	-6.79699e-05	0.00145621	0.00263124	0.000200323	-0.00146843	-0.000428479	0.000507452	-0.00061898	2.59388e-05	0.00191709	0.0037213	-0.00224615	0.00133478	-0.00291844	0.000158796	0.00114226	-0.00133454	0.000511622	-0.00084396	0.00111134	-0.00077266	-0.000370226	-0.00117259	0.000451937	0.000907056	-0.00158142	0.000974783	-0.00172681	-0.000192424	0.000193028	-0.000752905	0.0022253	-0.000863701	0.00068971	0.0024721	-0.00101189	0.000173116	-0.00310515	-0.00175446	-0.00182812	8.01222e-05	-0.00205889	0.000769498	0.00214226	0.000557872	0.00218889	-0.000752676	0.00120154	-0.00113146	-0.000765269	0.000461059	0.00072075	
9.5614e-09	7.34622e-10	-7.18125e-09	-1.54493e-08	-2.31423e-08	-3.06557e-08	-3.75519e-08	-4.41629e-08	-5.00949e-08	-5.47973e-08	-5.86082e-08	-6.17513e-08	-6.40579e-08	-6.50541e-08	-6.57218e-08	-6.50227e-08	-6.26348e-08	-5.97991e-08	-5.5744e-08	-5.17853e-08	-4.64356e-08	-4.09296e-08	-3.50187e-08	-2.8627e-08	-2.22835e-08	-1.55367e-08	-8.41466e-09	-1.4972e-09	5.52513e-09	1.23158e-08	1.89415e-08	2.48882e-08	3.02989e-08	3.58592e-08	4.10623e-08	4.59711e-08	5.11289e-08	5.60225e-08	6.01685e-08	6.40387e-08	6.80521e-08	7.17296e-08	7.51934e-08	7.80874e-08	8.0314e-08	8.33258e-08	8.5375e-08	8.70625e-08	8.82376e-08	8.84744e-08	8.82255e-08	8.71532e-08	8.49325e-08	8.26975e-08	7.88988e-08	7.46609e-08	6.94836e-08	6.35705e-08	5.73087e-08	5.05151e-08	4.32036e-08	3.51286e-08	2.66815e-08	1.81137e-08	
-0.000186311	-0.000521484	0.000299103	-0.00136479	-0.00159324	0.0027428	-0.000698734	0.0011364	5.48048e-06	-0.000914392	0.000837761	0.00056659	-0.00386531	0.00318647	0.000552979	0.00138411	-0.00279834	0.000112549	0.00129979	0.000456128	-0.00314208	0.00137166	0.000924892	0.00110445	-2.49471e-05	0.000254894	-0.00172998	-0.00182499	-0.000837107	-0.000348257	-0.00163051	0.00171207	0.00169907	-0.0015131	-0.00162809	-0.00222712	0.00157804	-0.000332432	0.00586551	-3.76123e-05	-0.00156122	-0.0016094	0.00146457	0.00197825	-0.00280441	-0.000131167	-0.0016114	-0.000685456	-0.000684106	0.0035245	-0.00132184	-0.00245217	0.00195733	-0.000767381	0.00193283	-0.00136109	-0.000512656	0.000932244	0.00374063	0.00106326	-0.00133458	0.000171051	-0.000271654	0.000277992	

0.69447	0.697568	0.68682	0.687546	0.688951	0.684115	0.682052	0.685304	0.685937	0.691596	0.687537	0.688867	0.688414	0.683786	0.684078	0.682191	0.686475	0.683849	0.686482	0.685277	0.683922	0.691556	0.695875	0.685204	0.685063	0.691918	0.686688	0.681941	0.691627	0.687185	0.692376	0.689676	0.691784	0.699403	0.694841	0.69238	0.68923	0.694188	0.684256	0.681568	0.680096	0.684331	0.686543	0.687562	0.683346	0.697191	0.69442	0.689792	0.695492	0.693486	0.696501	0.693597	0.69188	0.693552	0.684806	0.678014	0.685651	0.69354	0.69155	0.695857	0.696219	0.681462	0.685923	0.690149	
0.00220398	-0.00155753	-0.00169695	0.00195984	0.00316437	-0.00230417	0.000906281	-0.000945144	2.49916e-05	-0.0019609	-0.00287618	0.00023138	0.00183771	0.00299721	-0.00356588	-7.17423e-05	0.00197853	0.000992369	0.00158209	-0.00107443	0.000178759	9.87936e-05	-0.00119715	0.00111148	0.00169912	-0.00262502	0.00255259	0.00163531	-0.00242427	-0.00133868	0.0032225	-0.00125024	-0.000239929	-0.00149566	0.000393356	-0.00382474	0.000214553	0.00247488	-0.00171253	-0.000844244	-0.00175923	0.00159586	0.00125944	0.000705698	-0.00220348	0.00118249	0.00270306	0.00133559	-0.000367435	-0.000383482	-0.000612239	-0.00437817	-0.00371197	0.0031092	-0.000839447	0.00166068	0.00133095	-0.000539751	-0.00129163	0.00133692	0.0014806	0.00073043	0.000391164	-0.00228838	
7.11991e-09	1.10262e-09	-4.92094e-09	-1.08897e-08	-1.64818e-08	-2.15829e-08	-2.67776e-08	-3.14908e-08	-3.57338e-08	-3.92078e-08	-4.20932e-08	-4.41629e-08	-4.5777e-08	-4.67226e-08	-4.65371e-08	-4.58228e-08	-4.46387e-08	-4.25594e-08	-4.00169e-08	-3.68713e-08	-3.32543e-08	-2.93343e-08	-2.51073e-08	-2.03337e-08	-1.59805e-08	-1.09672e-08	-6.19248e-09	-1.23687e-09	3.73194e-09	8.44393e-09	1.32103e-08	1.77703e-08	2.18326e-08	2.57691e-08	2.95844e-08	3.30652e-08	3.68484e-08	4.03444e-08	4.32865e-08	4.62879e-08	4.92197e-08	5.18208e-08	5.45557e-08	5.67898e-08	5.82278e-08	6.06532e-08	6.19271e-08	6.28445e-08	6.37615e-08	6.4356e-08	6.32965e-08	6.27793e-08	6.16686e-08	5.93848e-08	5.64562e-08	5.34359e-08	4.9639e-08	4.61724e-08	4.14469e-08	3.64906e-08	3.08203e-08	2.52066e-08	1.94041e-08	1.30989e-08	
0.00115585	-0.00122925	0.000222328	-0.000629459	-0.000257891	0.00259412	-0.000649487	-0.000336913	0.00198551	-0.00134145	-0.00147588	0.0011616	-0.000321695	0.000596014	0.0014961	-0.000615503	-0.000714494	0.0020882	-0.00318201	-0.00160991	0.0013863	7.41585e-05	-0.00108125	0.0017687	0.000713937	0.000130613	0.000332829	-0.00134983	5.71154e-05	-9.55725e-05	0.000793451	0.000114507	-0.00244764	-0.000511119	1.73835e-05	-0.00272752	0.00131067	0.00206156	0.000724922	0.00338404	-0.00347563	-1.01596e-05	0.000434441	-0.000849892	-0.00109775	0.000152425	-0.00281167	0.00177353	-0.000730292	-0.000947658	-0.000693017	0.00312663	-0.000866217	0.00220657	0.000175712	-0.00179751	-0.000286071	-0.0039848	0.00343474	0.00197616	0.00197145	-0.0013109	-0.000738949	0.00133933	

0.689535	0.682874	0.682344	0.6818	0.67768	0.680628	0.688737	0.683591	0.698628	0.688611	0.68626	0.689398	0.68965	0.696126	0.682384	0.682913	0.676133	0.688038	0.677609	0.685607	0.686975	0.693401	0.698976	0.68837	0.68611	0.681	0.683487	0.685994	0.694976	0.691247	0.692772	0.691126	0.693879	0.682928	0.687532	0.693797	0.696101	0.695959	0.697556	0.686439	0.678778	0.686002	0.692905	0.695557	0.679563	0.685047	0.680284	0.691538	0.679524	0.674784	0.679433	0.692372	0.685072	0.685336	0.685856	0.684447	0.690691	0.68942	0.688302	0.687895	0.689855	0.683935	0.691253	0.686771	
-0.00458524	-0.00253625	0.00166811	0.00204794	0.000538498	-0.00251	0.00105972	0.00381524	-0.00238024	0.00246339	0.00069609	-0.00424776	0.00224286	-0.00175387	-0.000232871	-0.000372375	-0.000575655	-0.00234723	0.00259877	-0.000377166	-9.92736e-05	-0.00123898	9.26372e-05	-0.00165371	0.00145164	-0.00146741	0.00248608	0.00394966	-0.000500689	0.00120402	0.000625785	0.000578903	-0.00149157	-0.00121141	-0.00122253	-0.00468627	0.000984065	-0.000395097	0.00124865	0.000256399	0.00142047	-0.0010671	0.000634034	-0.00133107	-0.00254713	0.00205558	0.0037105	0.00256159	-0.00144859	-0.00184491	-0.000624088	-0.0041458	-0.00228648	0.000957011	0.00275939	0.00271101	-0.000685742	-0.00059959	-0.00277756	-0.000230837	0.00235606	0.00299809	0.00197667	1.04279e-05	
5.29148e-09	8.92634e-10	-3.55666e-09	-7.70283e-09	-1.17599e-08	-1.54258e-08	-1.91095e-08	-2.24381e-08	-2.52008e-08	-2.76304e-08	-2.98222e-08	-3.15733e-08	-3.27275e-08	-3.30867e-08	-3.32449e-08	-3.28235e-08	-3.18488e-08	-3.04025e-08	-2.83351e-08	-2.66033e-08	-2.39973e-08	-2.09747e-08	-1.79404e-08	-1.45673e-08	-1.13163e-08	-7.89853e-09	-4.479e-09	-9.25675e-10	2.65361e-09	6.17486e-09	9.60236e-09	1.26281e-08	1.55907e-08	1.84799e-08	2.12785e-08	2.38674e-08	2.65206e-08	2.92522e-08	3.1413e-08	3.36175e-08	3.58919e-08	3.76275e-08	3.95434e-08	4.08719e-08	4.21094e-08	4.33152e-08	4.41568e-08	4.48217e-08	4.50282e-08	4.50824e-08	4.52131e-08	4.47831e-08	4.40413e-08	4.25901e-08	4.08414e-08	3.87749e-08	3.58594e-08	3.27369e-08	2.95631e-08	2.59926e-08	2.24486e-08	1.81387e-08	1.39134e-08	9.56945e-09	
-2.79456e-05	-0.000422995	0.000771525	-0.000571171	-0.00271921	9.16062e-05	0.00170638	-0.00168048	0.000765836	0.000320688	0.000485	-0.00306611	0.0017262	0.00357563	0.000403886	0.00083148	-0.00167807	-0.000996679	-0.00125933	0.000430216	-0.000216087	-0.00218986	0.0023737	0.00199873	-0.00175858	-0.00165276	0.00295152	-0.0023551	-0.00280784	0.00135558	0.00330539	-9.82243e-06	-0.00288317	-0.0062805	0.00106342	-0.00150706	0.00178716	0.00209946	0.00109746	0.00538621	-0.000681905	-0.00151013	-0.000445845	0.00134171	-0.00150629	-0.00179141	0.000314374	0.00173038	-0.00194473	0.000628226	-0.00116183	0.000488824	-0.000224901	0.00217045	-0.0016325	-0.000847541	-0.000700758	-0.00277607	0.000568128	0.00115885	0.000484756	0.00252771	0.00291824	2.38806e-05	

0.689066	0.688858	0.679815	0.681432	0.688059	0.680831	0.684748	0.695617	0.692984	0.686562	0.697381	0.689305	0.687096	0.69151	0.687265	0.683131	0.691263	0.690588	0.695911	0.695423	0.692427	0.679319	0.699139	0.687439	0.688904	0.686512	0.691592	0.692229	0.679635	0.688705	0.700544	0.687835	0.690204	0.686967	0.686138	0.699442	0.69547	0.685314	0.696579	0.692329	0.68531	0.692988	0.685727	0.694033	0.690024	0.685563	0.676968	0.686787	0.683805	0.685458	0.681705	0.682407	0.680716	0.673466	0.672073	0.681753	0.694878	0.686631	0.682829	0.689616	0.683958	0.697925	0.703513	0.690681	
0.000758272	-0.0014031	-0.00116435	-0.00132134	-0.00204742	0.00353222	-0.0011938	9.28732e-05	0.00379294	-0.00146743	-0.00320887	-0.00085941	-0.00352525	0.00226342	0.00307747	0.0017812	-0.00184429	0.000172094	-0.000680229	-0.000765462	0.00170794	0.000811326	1.87278e-05	-8.58761e-05	-0.00370993	0.00318497	0.00323811	-0.000804641	0.000662375	0.000640606	0.00134208	-0.00110106	-0.00459037	-0.00292937	-0.000818676	0.00334766	0.00133048	0.000258766	-0.000886269	-0.00403972	0.00169627	-0.000443834	0.00227277	0.0011148	-0.00109255	0.000775485	-0.000608905	0.00292305	-0.00310635	-0.00384319	0.00225123	-0.00141601	-0.00228956	-0.000399718	0.00146898	0.0029927	0.00087415	-0.00143807	0.000243421	0.000840897	-0.000198413	0.000260719	6.72934e-05	0.00266156	
3.82206e-09	6.85778e-10	-2.51404e-09	-5.51801e-09	-8.46748e-09	-1.10232e-08	-1.34902e-08	-1.57731e-08	-1.78177e-08	-1.98733e-08	-2.14393e-08	-2.23794e-08	-2.31729e-08	-2.37745e-08	-2.3719e-08	-2.32757e-08	-2.26537e-08	-2.17259e-08	-2.04279e-08	-1.87248e-08	-1.69403e-08	-1.49665e-08	-1.2839e-08	-1.0462e-08	-8.05326e-09	-5.70991e-09	-3.19494e-09	-6.9541e-10	1.85437e-09	4.35125e-09	6.73145e-09	9.07064e-09	1.13043e-08	1.33626e-08	1.52863e-08	1.73483e-08	1.93023e-08	2.10304e-08	2.29316e-08	2.44893e-08	2.57633e-08	2.71499e-08	2.85976e-08	2.97119e-08	3.03892e-08	3.0999e-08	3.15588e-08	3.20322e-08	3.21895e-08	3.22248e-08	3.22353e-08	3.20136e-08	3.15858e-08	3.05176e-08	2.92017e-08	2.74024e-08	2.56362e-08	2.35565e-08	2.1172e-08	1.87838e-08	1.587e-08	1.30393e-08	1.0103e-08	6.96238e-09	
0.00310577	0.000286047	-0.00548096	-0.00112534	0.0032982	0.00222518	0.000248381	-0.00207993	-0.00241337	-0.00157882	2.1886e-05	0.00154847	-0.00082748	0.00248254	-0.000735291	0.00200127	-0.000462524	-0.000899822	0.000609971	-3.37203e-05	-0.00178823	0.000746656	0.00173836	-0.000333967	-0.00172863	-0.00211133	0.000264082	-0.00154688	0.00100635	-0.000586405	-0.00215021	0.00162535	0.00284174	0.000360303	-0.00298588	0.000416327	-0.00142494	0.00170891	0.00581197	0.00273862	-0.000900307	-0.00180626	-0.00210416	-0.0026843	-0.000619433	0.00512998	-0.000377969	0.00158342	-0.000910719	-0.00296086	0.000257596	-0.00436373	0.00268063	-0.000135128	0.00189695	-0.000900075	-0.00125134	-0.00239641	0.000693221	0.00114722	0.000859708	-0.000544545	-9.3252e-05	0.00276085	

0.696192	0.687608	0.687519	0.677746	0.680916	0.696448	0.687096	0.702071	0.695855	0.687173	0.689574	0.684213	0.695059	0.681188	0.688008	0.689323	0.679061	0.688937	0.685736	0.691161	0.686425	0.679051	0.688259	0.696582	0.693107	0.703001	0.695303	0.684618	0.681648	0.68746	0.693498	0.690892	0.68515	0.678752	0.682974	0.685158	0.688221	0.685246	0.691776	0.686032	0.692003	0.689556	0.693489	0.687866	0.678965	0.684396	0.683365	0.684189	0.68825	0.681366	0.687207	0.678751	0.684871	0.67874	0.682634	0.683004	0.690765	0.674892	0.693351	0.679063	0.686154	0.688383	0.692596	0.698536	
0.00557016	-0.0034492	0.00146014	-0.00113334	-0.00258255	0.00014052	-2.56409e-05	0.00107886	-0.00194062	0.000376533	-0.000561874	0.000434783	-0.00190724	-0.000853103	0.00301709	-6.6118e-05	0.0021827	-0.000781848	0.000819412	0.00117083	-0.00302179	0.00178073	9.06117e-05	-0.00166012	0.000937326	0.00160437	0.00169262	0.00112304	-0.00255122	-0.00215864	-5.81827e-05	-0.000766117	0.00219204	-0.00167873	-0.00330297	0.000431379	0.00441962	-0.00267433	0.00097425	-0.000355719	-0.000389712	0.00155129	-0.000986006	-0.00269003	0.00162933	-0.000905961	0.000792094	0.00222812	-0.00258149	-0.00250999	0.00135605	-0.00142474	-0.00355151	0.00042091	0.00315709	0.00283224	-0.00282467	0.0015738	-0.00150077	0.001399	0.00301371	-0.00202288	0.00107766	0.000125394	
2.73165e-09	4.96006e-10	-1.67606e-09	-3.81102e-09	-5.82019e-09	-7.80867e-09	-9.65285e-09	-1.13102e-08	-1.27585e-08	-1.39705e-08	-1.50569e-08	-1.60246e-08	-1.66544e-08	-1.67585e-08	-1.68213e-08	-1.66978e-08	-1.60988e-08	-1.53959e-08	-1.44559e-08	-1.33194e-08	-1.20479e-08	-1.05914e-08	-9.13524e-09	-7.53424e-09	-5.84159e-09	-4.04974e-09	-2.275e-09	-4.441e-10	1.42038e-09	3.17041e-09	4.9077e-09	6.48947e-09	7.99213e-09	9.49803e-09	1.10248e-08	1.24654e-08	1.37912e-08	1.50118e-08	1.63905e-08	1.74782e-08	1.85454e-08	1.94807e-08	2.04982e-08	2.11509e-08	2.16618e-08	2.21657e-08	2.26579e-08	2.29705e-08	2.30996e-08	2.31788e-08	2.34359e-08	2.31168e-08	2.26885e-08	2.20384e-08	2.10458e-08	1.96992e-08	1.83288e-08	1.68533e-08	1.51918e-08	1.3255e-08	1.13297e-08	9.24785e-09	7.20224e-09	5.03683e-09	
-0.000810055	-0.000154841	0.00147094	0.00102634	-0.00246003	0.00281611	-0.000953679	-0.00245702	7.00543e-05	0.000653644	-0.000704396	-0.000552817	0.00210173	-0.00297724	0.000728805	-0.0015486	0.00154984	-0.00172733	0.000291248	0.00104135	1.44927e-05	0.00197806	0.000654867	-0.00334985	4.51238e-05	0.000640546	-0.00209253	5.4259e-05	-0.000796663	0.0016444	0.00278051	0.000382833	-0.00191932	0.00133565	-0.000956064	-0.00511821	0.00384811	0.000626614	0.00440316	-1.33036e-07	-0.00106175	-0.00107184	0.000813776	-0.00165859	6.2585e-05	0.0037902	0.000112052	0.000328589	-0.000273214	-0.00394031	-0.00198725	-0.00187697	0.00226211	0.0011291	0.000536086	-0.000465906	-0.00274225	-0.00322998	0.00188861	0.00322586	0.00291727	0.000332474	-0.00198438	0.00118536	

0.687418	0.687101	0.67841	0.68872	0.683703	0.686093	0.688319	0.687784	0.694436	0.683338	0.691932	0.692741	0.696504	0.687855	0.697984	0.688974	0.691254	0.691478	0.683299	0.692178	0.685938	0.673405	0.688312	0.690141	0.6931	0.694503	0.701715	0.690873	0.688857	0.69215	0.68908	0.689901	0.688366	0.688246	0.692395	0.689231	0.682595	0.682285	0.688008	0.682386	0.692682	0.69411	0.697147	0.685771	0.677514	0.688536	0.689	0.696187	0.692999	0.692759	0.688114	0.683548	0.690383	0.690311	0.685946	0.678229	0.675947	0.681679	0.693741	0.691602	0.690243	0.680048	0.683006	0.691812	
0.00160634	0.000736831	-0.00108106	-0.00146937	-0.000162367	-0.00080582	-0.00163942	-0.00279824	0.00170187	-0.00128918	0.00178968	0.000285346	-0.00243325	-0.000944484	0.00202123	-0.000308137	0.00149834	0.00200871	0.000779096	-0.00140716	0.00175548	-0.00265776	6.33402e-05	0.00165314	-0.000517779	-0.000606656	-0.00207774	0.00343497	-0.00129374	-0.0002271	0.00198788	-0.00389477	0.00123765	-8.47106e-05	0.000370177	0.000120444	-0.000764219	0.000502388	-0.00142783	-0.000343779	0.000675836	-0.000643996	-0.00056436	-0.0010538	0.00154431	0.000652118	-0.00163665	0.00128287	0.000791364	-0.000369759	-0.0023761	-0.00150471	-0.00358858	0.00395196	0.000286486	0.00256317	-0.00135825	0.000600386	-0.00218431	0.00312146	0.00116523	-0.00266285	0.000170051	0.00510238	
2.03605e-09	4.51854e-10	-1.09737e-09	-2.66374e-09	-4.18251e-09	-5.53502e-09	-6.80744e-09	-7.94596e-09	-9.05436e-09	-9.89529e-09	-1.07067e-08	-1.13215e-08	-1.18219e-08	-1.20576e-08	-1.20752e-08	-1.18434e-08	-1.16069e-08	-1.11298e-08	-1.04459e-08	-9.64522e-09	-8.68491e-09	-7.60486e-09	-6.55689e-09	-5.37796e-09	-4.21161e-09	-2.97449e-09	-1.68032e-09	-3.63348e-10	9.21313e-10	2.23041e-09	3.48559e-09	4.6687e-09	5.77557e-09	6.83859e-09	7.9428e-09	8.96618e-09	9.95612e-09	1.08144e-08	1.1808e-08	1.26432e-08	1.34784e-08	1.41938e-08	1.48787e-08	1.52503e-08	1.56926e-08	1.59303e-08	1.62431e-08	1.65469e-08	1.67605e-08	1.6905e-08	1.68806e-08	1.66544e-08	1.63514e-08	1.5902e-08	1.52616e-08	1.43048e-08	1.33253e-08	1.21732e-08	1.08783e-08	9.57232e-09	8.10707e-09	6.63605e-09	5.12525e-09	3.59333e-09	
0.000886555	-0.00201673	-0.000742841	-0.000842947	6.13808e-05	0.00142396	-0.00136679	-0.00112648	0.00159303	-0.00102008	-0.000346505	0.00186896	-0.00129287	0.00267794	0.00287178	-0.00255176	-0.00119113	-0.00158998	0.000180029	-0.00419772	0.0050022	-0.000367246	-0.00109473	0.000980356	-4.64644e-05	0.00103588	0.000265971	-0.00192875	-0.00193437	0.000324626	0.00254923	0.00289073	2.94057e-06	-0.00391506	-5.03633e-05	-0.000656515	0.00115355	0.000471319	0.00238547	-0.00141881	-0.000606715	0.000722769	0.00260902	-0.00185637	0.00177806	-0.00217664	-0.000484866	0.00324748	-0.0023011	0.00285057	-0.00415456	-0.00154412	-0.00081575	-0.00109747	0.00344465	-0.000480343	-0.000852545	-0.00307758	0.000539124	0.000810853	0.00288086	0.000324334	0.00151092	0.00144469	

0.682235	0.679005	0.683062	0.684871	0.700656	0.684776	0.686715	0.699763	0.698853	0.693551	0.693738	0.701234	0.690114	0.685059	0.687359	0.690024	0.690213	0.683606	0.692479	0.692193	0.681009	0.683639	0.685009	0.69704	0.690546	0.693031	0.694223	0.696467	0.68371	0.69432	0.695886	0.691719	0.691889	0.685745	0.690856	0.691198	0.697339	0.688518	0.697007	0.687502	0.696066	0.694936	0.675371	0.681214	0.682489	0.678839	0.683767	0.683849	0.683341	0.685875	0.678628	0.68272	0.675401	0.690207	0.694452	0.696285	0.694333	0.695829	0.681237	0.683052	0.690099	0.677359	0.685991	0.686924	
-0.000862232	0.00209668	-0.000892596	0.000824802	-0.00357245	0.00164539	-0.00258144	0.00183887	0.000363528	-0.000696292	0.00152783	0.000887812	9.35052e-05	-0.00330168	-0.00259589	0.00110816	-0.000651898	0.000197325	-0.00164054	0.00175557	-0.000886404	0.00215379	-6.85962e-06	0.00207858	0.00208512	-0.0021428	0.000343347	0.00181885	-0.00127139	-0.00145848	0.000907427	-0.00303619	0.00068353	0.00139993	-0.00184689	-0.00123274	0.00370337	0.000189459	0.000847195	-0.000790774	0.000689961	-0.00349655	0.00110227	0.000110181	0.000418242	-0.00227422	0.00114486	0.000876172	-0.00094476	-0.000865219	-0.00156104	-0.00327273	0.00151418	0.00177512	-0.00151488	0.00130179	0.0013035	-0.00139499	0.0011947	-0.00217753	0.00357502	0.000858328	0.00218853	0.000150511	
1.43737e-09	3.22299e-10	-7.62142e-10	-1.88818e-09	-2.96621e-09	-3.96407e-09	-4.85286e-09	-5.64984e-09	-6.40384e-09	-7.07668e-09	-7.65061e-09	-8.07299e-09	-8.35614e-09	-8.52686e-09	-8.57884e-09	-8.50166e-09	-8.29836e-09	-7.87354e-09	-7.43405e-09	-6.86228e-09	-6.23167e-09	-5.46844e-09	-4.72971e-09	-3.91026e-09	-3.0524e-09	-2.16386e-09	-1.23525e-09	-2.75511e-10	6.60843e-10	1.60214e-09	2.49407e-09	3.31342e-09	4.14112e-09	4.91014e-09	5.73603e-09	6.49926e-09	7.16988e-09	7.86594e-09	8.51996e-09	9.10976e-09	9.65714e-09	1.01676e-08	1.04535e-08	1.09617e-08	1.13041e-08	1.14972e-08	1.17559e-08	1.19212e-08	1.1955e-08	1.20576e-08	1.20641e-08	1.19569e-08	1.17157e-08	1.14323e-08	1.10025e-08	1.03774e-08	9.5543e-09	8.69814e-09	7.84691e-09	6.84084e-09	5.88556e-09	4.86302e-09	3.73342e-09	2.56454e-09	
-0.00072027	-0.000484631	0.000515368	-0.00240398	-0.00154718	0.000679659	-0.000776659	0.00052048	0.00224538	8.21953e-05	-0.00169771	0.00110753	-0.000871836	0.00165516	0.00124332	0.000243323	-0.00394901	0.00230068	-0.00119652	0.000157206	-0.00132561	0.000556509	0.00245828	-0.00202975	-0.00154696	-0.00335045	0.00229127	0.00380607	0.00034712	-0.00399044	0.0014255	0.00325594	0.00130253	-0.000942771	-0.00193654	-0.00230304	0.00309554	-0.00145824	-0.00132125	-4.96923e-05	0.00242837	0.000207201	0.00142928	-0.000446919	0.000651257	-0.00236422	-0.00113556	0.00107849	0.00426755	-0.00219312	-9.08566e-05	-0.00343239	0.000703457	-0.00232689	0.000775952	0.000990877	0.000224966	-0.00130586	0.00199718	0.00196458	-0.00134453	0.00452442	-0.000587488	-0.00076529	

0.688241	0.69658	0.689193	0.690628	0.691858	0.705573	0.696016	0.685234	0.690238	0.694132	0.693135	0.688245	0.694771	0.684222	0.695753	0.69287	0.686961	0.69256	0.683381	0.692809	0.689877	0.687508	0.686362	0.68222	0.693594	0.690859	0.685499	0.691867	0.70051	0.694259	0.68268	0.681879	0.69143	0.693002	0.695561	0.693522	0.683875	0.694199	0.691024	0.689393	0.69177	0.69642	0.692889	0.680473	0.681482	0.688386	0.680739	0.688744	0.676752	0.683515	0.676921	0.683486	0.691935	0.689927	0.686559	0.690201	0.687395	0.68995	0.685529	0.69012	0.687717	0.689978	0.680401	0.681668	
0.000241565	0.00268186	-0.000529661	-0.00010916	-0.00202861	-0.00188827	-0.00470449	0.00100778	0.00336548	0.00294369	0.00354051	-0.00156418	-0.00113087	-0.00363976	-0.00192558	-0.00375862	0.00153578	-0.000899338	-0.00114341	0.00657067	-0.000250251	0.000475321	-0.00071339	0.00280518	-0.00195617	-7.55116e-05	0.000837385	-0.00159153	-0.000783186	0.00133398	0.0026953	-0.0014555	0.000784459	-0.000344249	0.00258491	-0.00128728	0.00178508	0.000152477	-0.00114492	-0.00259783	-0.000904421	-0.00287163	0.00254315	-0.000903488	-0.00117996	-0.00414814	0.00142814	0.00181191	0.000489248	0.000469065	-0.000749921	-0.00064321	0.00192623	0.000896282	-4.43675e-05	0.00099336	-0.00094019	-0.00121874	0.000201058	0.00168488	0.00085406	-0.000874428	0.00104674	0.000700396	
1.05391e-09	2.42348e-10	-5.59125e-10	-1.32972e-09	-2.06857e-09	-2.79452e-09	-3.42337e-09	-4.00869e-09	-4.57578e-09	-5.02671e-09	-5.41662e-09	-5.70014e-09	-5.9435e-09	-6.06766e-09	-6.13612e-09	-6.05484e-09	-5.89302e-09	-5.63681e-09	-5.28769e-09	-4.86967e-09	-4.4165e-09	-3.93434e-09	-3.35112e-09	-2.78874e-09	-2.151e-09	-1.52778e-09	-8.60571e-10	-1.90239e-10	4.72168e-10	1.13684e-09	1.76792e-09	2.3649e-09	2.94856e-09	3.54383e-09	4.11756e-09	4.63355e-09	5.16257e-09	5.68404e-09	6.1072e-09	6.55907e-09	6.898e-09	7.20968e-09	7.60695e-09	7.89609e-09	8.16218e-09	8.382e-09	8.52303e-09	8.6711e-09	8.66411e-09	8.71752e-09	8.68042e-09	8.61377e-09	8.44886e-09	8.16457e-09	7.81084e-09	7.36412e-09	6.84288e-09	6.27133e-09	5.59017e-09	4.87552e-09	4.21233e-09	3.50232e-09	2.69188e-09	1.8537e-09	
0.00108393	-0.000763545	-0.00189706	-0.00100146	-0.00375908	-0.000582157	0.00135112	0.00035174	0.00360921	-0.00288596	0.00202636	-0.000743865	0.000669521	0.00263133	0.00351141	-0.00263558	-0.00389685	0.00162192	0.000453384	-0.000284845	-0.00150543	-0.00153547	0.00186617	-0.00026089	0.000962588	0.000567564	-0.00016902	0.00267014	-0.00140116	-0.00141632	-0.00121981	0.000978412	0.0001807	0.0014905	0.00155513	-0.00131364	-0.00253953	0.00121018	0.00243442	-7.46206e-05	-0.000226673	0.00113502	-0.00157624	0.00115245	-0.000671235	-0.00182286	5.01228e-05	0.000635047	0.000435839	0.000773494	-0.000647075	-0.00295532	-0.00065614	0.000448505	-0.00043031	0.00358388	-0.000694636	0.000446399	0.00182748	0.000980923	-0.000468189	-0.000536295	0.0012211	-0.0026871	

0.689038	0.69147	0.695071	0.685649	0.696561	0.691951	0.697479	0.690326	0.689317	0.69347	0.68572	0.686487	0.684023	0.686175	0.685682	0.686355	0.678322	0.682298	0.686822	0.695323	0.69384	0.696385	0.691722	0.697501	0.68771	0.682614	0.683046	0.685557	0.680934	0.682319	0.68134	0.696647	0.688388	0.704519	0.695313	0.696255	0.697622	0.687424	0.696914	0.686782	0.687716	0.684442	0.684017	0.680234	0.689817	0.682643	0.693138	0.691145	0.691873	0.687418	0.687428	0.698166	0.692065	0.679728	0.690979	0.684253	0.688987	0.681149	0.674885	0.68851	0.692504	0.69206	0.695685	0.692727	
0.00129474	-0.000534847	-0.00161655	-0.00243887	0.00386961	0.000375065	0.000486183	0.00161692	-0.00194129	0.000241586	-0.000465506	-0.00179717	0.000152528	-0.000278934	-9.27065e-05	-0.00299783	-0.00141167	-0.00160113	0.00195594	0.00167189	0.000563086	-0.00135776	0.001303	0.00204239	0.00202967	-0.00198503	-0.00110702	-0.000713304	0.000741454	0.00169023	0.00105392	0.0010094	0.00133973	-0.000816865	0.000769951	-0.0035308	-0.000717174	0.00134376	0.00281713	-0.000780009	-0.00174442	-0.00360792	0.000135845	-0.00106596	-0.00136249	0.000941686	0.000317625	0.00309305	-0.000777518	-0.00218965	0.00137872	3.46355e-06	0.00168341	0.000279216	-0.0024029	0.00116503	0.000900995	0.000936109	-0.00249809	-0.00274422	0.000917183	0.00136995	0.00213221	0.00152363	
7.60121e-10	1.81793e-10	-3.89529e-10	-9.64961e-10	-1.49264e-09	-1.98847e-09	-2.43356e-09	-2.86297e-09	-3.26207e-09	-3.58998e-09	-3.84344e-09	-4.05875e-09	-4.22073e-09	-4.29721e-09	-4.31663e-09	-4.24857e-09	-4.16759e-09	-3.99407e-09	-3.75863e-09	-3.4486e-09	-3.11302e-09	-2.77363e-09	-2.38891e-09	-1.9972e-09	-1.54811e-09	-1.09444e-09	-6.02239e-10	-1.29432e-10	3.41355e-10	8.24993e-10	1.27431e-09	1.71328e-09	2.1274e-09	2.5548e-09	2.957e-09	3.35845e-09	3.72758e-09	4.10896e-09	4.39118e-09	4.67484e-09	4.96506e-09	5.25705e-09	5.47711e-09	5.67301e-09	5.89035e-09	6.01984e-09	6.16893e-09	6.2423e-09	6.27428e-09	6.25873e-09	6.20096e-09	6.15345e-09	6.03922e-09	5.83071e-09	5.57262e-09	5.25584e-09	4.86953e-09	4.45457e-09	3.99533e-09	3.49361e-09	3.02546e-09	2.47763e-09	1.90297e-09	1.30665e-09	
-0.00175419	0.00065751	0.00152264	-0.00211247	0.00120001	-0.000740475	-0.00204559	0.00214253	-0.00292095	0.00121819	0.000574702	0.00114323	-0.002199	0.00181437	-0.00126593	0.00321046	0.000862077	-9.53201e-05	-0.00302644	-0.00337415	0.0012875	-0.000627158	0.0040004	-0.00226452	0.00165713	0.000401266	0.000116304	-0.00241955	0.00285218	0.000960659	0.00131347	-0.00119505	-0.000931523	-0.000581162	0.00091759	0.000458621	0.00160365	-0.00386381	0.000346695	0.0025376	-0.00135601	0.00167336	0.000839237	-0.00443645	0.0021138	-0.00239783	0.00251842	0.00129563	-0.00108548	0.00166762	-0.00214508	-0.0022517	0.000115468	-0.0013424	0.000481692	0.00398792	0.00087409	-0.000340375	0.000837831	0.00244138	-0.00153745	-0.000167817	-0.000828325	-0.00172429	

0.678688	0.682134	0.694656	0.698952	0.690371	0.689153	0.694238	0.68619	0.680935	0.68761	0.691462	0.680688	0.678993	0.68312	0.68799	0.685039	0.685915	0.674816	0.68947	0.69041	0.685345	0.68082	0.692095	0.677287	0.681381	0.69896	0.678636	0.678468	0.686704	0.683218	0.690754	0.698524	0.688644	0.697944	0.690543	0.693843	0.693625	0.687631	0.689986	0.67833	0.680679	0.683478	0.686828	0.690202	0.678854	0.699	0.68624	0.68603	0.68353	0.68839	0.67962	0.686157	0.68314	0.688114	0.690048	0.687487	0.691778	0.693786	0.684025	0.690978	0.691088	0.692347	0.692499	0.690431	
-0.00195925	-0.000117807	0.000219255	0.0029495	-0.00121971	0.00453962	-0.00278345	-0.0026957	0.000321593	0.000128961	-0.00225154	-0.000556946	0.000838893	0.00121976	-0.00191051	0.00072492	-0.00270864	0.000829742	-0.0019223	0.00300287	0.000666532	-0.000492859	0.00186431	-0.00108168	0.00296936	0.00178039	-0.00349013	5.09703e-05	0.00276914	0.000281116	0.00156953	-8.89713e-05	-0.00028163	-0.00209036	-0.00390759	0.00255035	-0.00318936	0.00200086	0.00248893	7.02957e-05	-0.00117279	-0.00245981	0.00226831	-0.00145638	-0.00195251	0.00111832	-0.000835443	-0.00056053	0.00152858	-0.00184933	-0.00141268	0.00384558	-0.000188704	-0.000530093	0.000764769	-0.000113574	0.00103918	0.000257434	-0.000177653	0.00105985	-0.001689	0.000830197	0.000712084	-0.000165564	
5.37168e-10	1.35151e-10	-2.9834e-10	-6.86061e-10	-1.0551e-09	-1.41208e-09	-1.72911e-09	-2.01995e-09	-2.31456e-09	-2.5588e-09	-2.74308e-09	-2.90404e-09	-3.00607e-09	-3.082e-09	-3.0973e-09	-3.05398e-09	-2.98582e-09	-2.87775e-09	-2.70432e-09	-2.50318e-09	-2.25009e-09	-1.97642e-09	-1.71032e-09	-1.42463e-09	-1.10652e-09	-7.81486e-10	-4.43489e-10	-9.34512e-11	2.47797e-10	5.86217e-10	9.1112e-10	1.22399e-09	1.52445e-09	1.84207e-09	2.13063e-09	2.4243e-09	2.68368e-09	2.93944e-09	3.18079e-09	3.3835e-09	3.58619e-09	3.75918e-09	3.93619e-09	4.10631e-09	4.2359e-09	4.38558e-09	4.43297e-09	4.50267e-09	4.48233e-09	4.48093e-09	4.4329e-09	4.39859e-09	4.28887e-09	4.17239e-09	4.01077e-09	3.7834e-09	3.4823e-09	3.22436e-09	2.85136e-09	2.49466e-09	2.15089e-09	1.78052e-09	1.36726e-09	9.56456e-10	
0.00191366	-0.000375463	0.000625676	-0.00107027	-0.00100573	-1.67738e-06	0.00163438	-0.00100139	0.00177281	0.000192674	-0.000558469	6.44272e-05	-0.000184713	0.000536649	0.00116622	0.00177371	-0.00320085	-0.000801731	-0.00257224	0.00485324	0.000196818	-0.0038199	-0.000755803	0.000536437	0.000386637	0.00260357	0.00243538	-0.000259889	-0.00115542	0.0011917	-0.000385896	-0.000526395	0.00196078	-0.000370982	-0.00196706	-0.00460556	6.67347e-05	0.00220944	-0.000870443	-8.85453e-05	-0.000104392	0.00379031	-0.0031842	-0.00149623	-0.00134177	0.00123643	0.00460898	0.00141526	-0.00153909	-0.00157058	-0.00140734	0.0018595	-0.0035457	-0.00220695	-0.00151382	0.00262649	0.000652923	0.00245601	0.0037836	0.000682162	-0.000210766	-0.00340643	-0.00144259	-0.000295098	

0.684892	0.696412	0.69676	0.689512	0.686974	0.681905	0.689333	0.687928	0.69389	0.691458	0.699114	0.690453	0.689515	0.692749	0.695064	0.698987	0.692894	0.695881	0.687645	0.685844	0.686049	0.686165	0.68933	0.697747	0.691348	0.686517	0.688141	0.698217	0.688576	0.682532	0.68633	0.685377	0.68833	0.688696	0.690116	0.680093	0.684366	0.685506	0.687555	0.691137	0.683712	0.68549	0.67758	0.693309	0.677541	0.686572	0.683963	0.692572	0.686134	0.681099	0.690091	0.686484	0.68494	0.689305	0.683942	0.687691	0.692483	0.686509	0.693224	0.687457	0.691399	0.689554	0.675716	0.683969	
-0.00111163	-0.00126102	-0.000263607	0.00139674	0.000312669	0.00236008	0.00166763	5.35477e-05	-0.00186653	0.000837905	0.00103022	0.0009045	-0.00080144	0.00044557	-0.00473237	0.000809196	-0.000351315	-0.00180219	0.00133779	-0.00232923	0.000960075	-0.000735428	0.00265837	-0.00244023	0.00170438	0.00395927	0.00295002	0.00133718	-0.00728189	0.00135241	0.00234793	0.000132552	-0.00141308	-0.00137272	0.0013442	-0.00136185	0.000468716	-0.000806636	-0.000594055	0.000768985	-0.000555352	-0.00171022	0.000741011	0.00107006	0.000622888	-0.000537878	-0.00278628	0.00407226	9.55998e-05	-0.00349954	0.0021811	0.00373126	-0.00100523	-0.00132376	-0.00104756	-0.00116365	-0.00106249	0.00141403	0.000975787	-0.000426397	0.00145429	-0.00120996	-0.000912011	-0.000357523	
3.8824e-10	8.64817e-11	-2.02384e-10	-4.78339e-10	-7.41334e-10	-9.99245e-10	-1.23589e-09	-1.44879e-09	-1.64897e-09	-1.82879e-09	-1.9822e-09	-2.10069e-09	-2.17162e-09	-2.1963e-09	-2.20756e-09	-2.18744e-09	-2.11975e-09	-2.04195e-09	-1.92478e-09	-1.77734e-09	-1.62215e-09	-1.43405e-09	-1.2412e-09	-1.02335e-09	-7.83821e-10	-5.47881e-10	-2.99513e-10	-6.52344e-11	1.79359e-10	4.10241e-10	6.48108e-10	8.77332e-10	1.09734e-09	1.32842e-09	1.54272e-09	1.72519e-09	1.91898e-09	2.10302e-09	2.28003e-09	2.44294e-09	2.59614e-09	2.7149e-09	2.81973e-09	2.9616e-09	3.08758e-09	3.17837e-09	3.19666e-09	3.23756e-09	3.25007e-09	3.24716e-09	3.23158e-09	3.18141e-09	3.11122e-09	3.00365e-09	2.89842e-09	2.73407e-09	2.53398e-09	2.29963e-09	2.05637e-09	1.8014e-09	1.54609e-09	1.26295e-09	9.75527e-10	6.82243e-10	
-0.000528556	-0.00226022	0.00258631	-0.000308902	-0.00199441	-0.00172151	-8.3912e-06	0.000784314	-0.00108711	0.000425288	0.00349128	0.0013614	-0.00183153	-0.00100585	0.00136062	-0.000729784	-0.00197155	-0.000104319	-0.00190766	0.00245982	-0.000477098	0.00111784	-0.00203676	0.00229928	-0.00168015	0.00181336	0.00108862	0.00146317	0.00212606	-0.00119014	-0.00314347	0.00115865	0.00019009	0.00155041	-0.00227447	-0.00028295	0.00108837	-0.0022268	0.000735771	-0.00163421	0.00136501	-0.00111797	0.000554321	-0.00366744	0.00082864	0.00132965	-0.00166552	-0.000546891	-0.000958387	0.000196726	0.00155802	0.00294391	-0.000469794	-0.00178267	-0.00140591	-0.00024953	0.00477621	0.00215841	-0.00154053	-0.000187024	0.00109252	-0.000452309	0.00343447	-0.00197259	

0.694421	0.694054	0.699932	0.695898	0.676967	0.688896	0.688052	0.676176	0.696806	0.685393	0.689405	0.686544	0.682683	0.688072	0.68486	0.690505	0.690311	0.682864	0.694087	0.694899	0.687448	0.684374	0.68841	0.686016	0.686004	0.689457	0.682821	0.685041	0.697372	0.686112	0.679407	0.69244	0.688011	0.684261	0.686875	0.684506	0.6861	0.687323	0.687448	0.689696	0.686924	0.688011	0.693383	0.68605	0.678467	0.67543	0.686913	0.685052	0.689573	0.688085	0.685315	0.684653	0.689338	0.691236	0.679418	0.685849	0.674925	0.677252	0.691019	0.681856	0.683081	0.681604	0.689382	0.691126	
-0.000398391	0.000291135	-0.0014187	0.0026815	0.000654495	0.000845101	0.00146621	-0.00162112	-0.00123412	-0.00328992	0.00156313	0.000889197	0.000673775	6.11631e-05	0.00175191	-0.00312229	-0.00192671	-0.000280438	-0.00152801	-0.0012741	0.00293686	-0.0037722	0.00308631	0.00216858	-0.00165324	0.000952333	-0.000152217	0.00228495	-0.00327876	0.000925183	-2.82944e-05	0.000129455	0.00232875	-0.00239707	0.00103077	-0.00343047	0.000841821	-0.000885093	-0.00083686	0.00474876	0.00113659	0.000286089	-0.00146352	-0.000573208	0.00161265	0.00211439	-0.00135172	-0.000923164	-0.00111271	-0.00230646	0.000445322	0.000702998	-0.000132446	0.00262672	8.17304e-05	0.000596372	-0.00213796	-0.00197738	0.00215931	0.000352785	0.000388148	-0.000698191	0.000366094	-0.000338395	
2.84051e-10	7.01247e-11	-1.37239e-10	-3.35815e-10	-5.28698e-10	-7.1042e-10	-8.90472e-10	-1.04173e-09	-1.19605e-09	-1.32083e-09	-1.41602e-09	-1.49869e-09	-1.53789e-09	-1.55711e-09	-1.57076e-09	-1.55775e-09	-1.50752e-09	-1.44303e-09	-1.36418e-09	-1.26507e-09	-1.15286e-09	-1.01585e-09	-8.7848e-10	-7.17802e-10	-5.51565e-10	-3.87852e-10	-2.20845e-10	-4.44452e-11	1.24864e-10	2.95105e-10	4.57782e-10	6.27037e-10	7.94885e-10	9.48827e-10	1.10219e-09	1.24766e-09	1.3942e-09	1.51206e-09	1.63735e-09	1.76269e-09	1.86842e-09	1.9621e-09	2.05258e-09	2.13448e-09	2.21301e-09	2.2767e-09	2.29504e-09	2.30324e-09	2.34246e-09	2.32663e-09	2.29721e-09	2.26909e-09	2.2356e-09	2.16714e-09	2.05302e-09	1.94647e-09	1.80394e-09	1.64502e-09	1.46721e-09	1.28515e-09	1.10956e-09	9.14971e-10	7.05148e-10	4.88875e-10	
0.000987449	-0.00630518	0.0018561	0.000645565	-8.02102e-05	0.000958817	0.00156517	0.0020364	-0.00300315	-0.00147728	0.000496211	0.000196106	0.000878582	-0.00319269	0.00132999	0.000942442	-0.00153409	0.00310464	-0.00324549	0.0021296	-0.0027494	-0.0015004	0.00133989	-0.00286075	0.00285975	0.00261836	0.00586675	-0.00031309	-0.00302808	-5.00044e-05	-0.000622284	-0.000315833	0.00105094	-0.00166893	0.00266874	0.00238214	-0.000766542	-0.00252663	0.00171761	-0.00299416	-0.00165484	0.00196711	-0.00140433	-0.00182056	0.00130374	0.000296207	-0.00346919	-0.00346006	0.00352232	-0.000225321	-0.000822955	0.00257249	0.0002991	0.000505415	3.76617e-05	-0.000118284	-0.00125222	-0.000546263	0.00236609	0.00253283	0.00318771	0.000999416	0.000192382	-0.00260615	

0.691479	0.691661	0.679411	0.673394	0.676037	0.688037	0.688316	0.677853	0.675612	0.689467	0.694794	0.676876	0.685445	0.684171	0.684808	0.684363	0.687001	0.70258	0.699171	0.696333	0.687261	0.690722	0.688484	0.686048	0.691283	0.686851	0.682732	0.682596	0.685195	0.694832	0.692132	0.697648	0.682159	0.680445	0.681538	0.677888	0.688884	0.690362	0.691806	0.687413	0.682197	0.689222	0.681977	0.677763	0.684404	0.689485	0.694689	0.6799	0.682225	0.686757	0.689583	0.679114	0.691313	0.687896	0.689125	0.693942	0.696825	0.681844	0.683452	0.685451	0.681156	0.68425	0.684605	0.687904	
-0.00043413	-0.000653808	-0.000856082	0.00273409	0.00169815	0.00033414	-0.00229419	-0.00211303	-0.000729565	-0.000169461	0.00265876	0.00126422	-0.000590716	-0.00128145	0.0014376	0.000949817	-0.00209357	-0.00382502	-0.000746277	0.00011443	0.00109471	0.000763866	0.000924545	0.00217617	9.57243e-05	0.00263866	-0.000503225	-0.00101075	0.000796991	-0.00153684	0.000677916	-0.00081234	-0.002851	0.0010859	-0.00155873	-0.00160799	-0.00102515	-0.000353869	0.00250335	0.00136808	0.00147534	0.00048362	-0.00135965	0.0010572	0.00378986	-0.00353906	-0.00103246	-0.00138564	0.000107152	-0.00096392	-0.0031544	-0.00128131	0.00336711