-0.0418376	-0.0425634	0.0807836	0.0334629	0.0634589	-0.0841928	0.0487643	-0.070459	-0.0489001	0.0792738	-0.0528373	-0.0288833	0.164017	0.000794387	-0.023551	0.0618599	-0.0493938	-0.0470975	0.0998069	0.0551026	0.0244431	0.0168222	-0.069249	-0.154404	0.0623828	-0.11541	0.0186651	0.00488646	-0.0124841	-0.00298827	0.110891	-0.0417185	
-0.057397	-0.00614053	-0.0104304	0.0772325	-0.0604233	-0.0463365	-0.00862115	0.0394263	0.0360137	0.0991976	-0.0937333	0.0860973	0.0451978	0.00543698	-0.0723405	0.0202472	-0.0365012	0.020828	0.00361693	-0.0854957	0.0636276	-0.0754603	-0.04689	0.0424677	0.0177141	-0.018107	0.00542163	-0.0783424	-0.0785213	0.0421076	0.123158	0.0134558	
0.129286	0.0584554	-0.0624865	0.00466463	0.0568825	0.0785825	0.206542	-0.0746434	-0.0535709	-0.0240765	0.00853177	-0.0816698	-0.121043	0.0427784	-0.100789	0.136233	-0.0209686	0.00167431	0.101269	-0.118908	0.077227	-0.102524	0.0911147	0.0399188	0.0604684	-0.191243	-0.0100971	-0.00392544	-0.0433774	-0.0125527	-0.0327734	-0.0240746	
-0.0244293	0.0520844	0.0614887	-0.0681518	-0.0485141	0.0805698	0.0448613	-0.047301	0.0481418	0.00890413	0.0894163	-0.0202179	-0.0407085	0.0498206	0.0858672	-0.118352	0.0777893	-0.000674542	0.0235938	0.00378224	-0.0157605	-0.0926545	0.0637309	0.036188	0.0087002	-0.0593516	-0.0884473	0.00112925	0.0555624	-0.0685638	-0.088644	0.0508588	

0.109139	0.0386819	-0.0948334	0.0406316	0.0450973	0.00179885	0.0759675	0.0419342	-0.0335962	-0.0441255	0.0775462	0.0395659	0.0969682	0.0729877	-0.0464055	0.0210308	0.0262633	-0.00146413	0.0779984	-0.0806817	0.0202778	0.0645662	-0.0792556	-0.0568229	-0.0143387	-0.0517263	0.0231486	0.0102723	-0.0571206	-0.0256869	0.00555386	-0.124607	
0.055219	-0.0992045	-0.0239778	0.0641444	0.0125566	0.11931	0.0554544	-0.0147577	-0.0553876	-4.21005e-05	0.0561768	0.0892906	0.035799	-0.0540257	-0.0613422	-0.0215108	0.0472035	0.0842375	-0.00441139	-0.122898	-0.139076	0.0337376	-0.0526299	-0.0531567	0.0357446	-0.0436801	0.0261411	-0.0884547	-0.104663	0.0913131	-0.0204521	0.00154746	
0.0875941	0.0120636	-0.0479723	0.048091	0.124291	0.0263818	0.00565069	0.00106792	-0.0357065	0.155607	-0.0669921	-0.028926	0.0800092	-0.137063	0.0919937	-0.0570218	-0.0667182	-0.0274414	0.00982096	0.0272417	-0.0805043	-0.0173828	-0.0843719	0.026002	0.125928	-0.0580484	-0.0932428	-0.0877125	0.0107013	0.0459399	0.0855283	-0.00726526	
0.00934832	-0.033433	-0.0160591	-0.0139916	0.127694	0.0574285	-0.0826454	0.0714993	0.110081	0.0227152	0.0903197	0.0486989	0.00379253	-0.0145014	0.0872006	0.0865184	0.038046	-0.0283982	-0.0235271	0.0597817	0.0273404	-0.118064	0.00902867	-0.00257703	-0.0588449	0.00443664	-0.0694922	-0.0665896	0.0504409	-0.0621431	-0.0756345	0.0367089	

-0.0474264	-0.0837562	0.0977962	-0.018571	0.0310804	0.0713597	-0.0163189	0.0990387	0.0997564	-0.0382648	0.075969	0.148394	-0.0354229	-0.017663	0.132981	-0.103353	0.0396837	0.0559507	-0.0809496	0.0408603	0.0168725	-0.0399362	0.0999589	-0.00879469	-0.0804274	0.0860832	0.0080078	-0.0946327	0.0872064	-0.0360322	-0.095611	0.0530681	
-0.0595088	0.0457848	0.00776487	0.0365827	0.0411551	-0.0360736	-0.0193481	0.134541	0.029285	-0.0981286	0.0440131	0.00629698	-0.0336615	0.00887138	-0.0160616	-0.0201056	0.0281725	-0.0236034	-0.0750731	-0.000741453	-0.048698	0.00718372	0.00134947	-0.114275	-0.0905199	0.0581291	-0.0879778	-0.0500005	0.0468536	-0.13357	-0.00484687	0.0367271	
0.0521864	-0.00390448	0.0368962	-0.0512477	-0.0613415	0.147473	-0.117444	0.0759699	0.0747178	-0.0394688	0.148666	0.0198834	-0.0536797	0.0299006	0.136746	-0.082411	-0.0104014	-0.129889	-0.0377709	0.025854	-0.123821	-0.0737098	-0.0138465	0.0565133	-0.110594	0.106544	-0.0107928	-0.0211981	0.193506	-0.0661583	0.0674877	0.00419182	
0.107209	0.0716066	-0.0915445	0.0330724	0.0678261	0.0185297	0.102043	0.000864663	0.0217277	0.14448	0.0548628	0.0354775	0.0779289	0.0108246	0.100354	0.119534	-0.0641573	-0.0242675	0.16115	-0.0221354	-0.0779836	0.0559293	-0.0327706	-0.0180619	0.0108201	-0.0650301	0.0385423	-0.0209876	-0.0774714	0.0671882	0.0140778	-0.131702	

0.0275907	0.0129674	-0.0207344	0.0467875	0.0543051	-0.11886	0.0420598	-0.0855498	-0.128653	0.103139	-0.134814	-0.0824013	0.165563	-0.0846105	-0.0495236	0.0959297	-0.147325	-0.0429852	0.173594	0.0119461	-0.00831312	0.124893	-0.0647412	-0.155024	0.125862	0.00672997	-0.0328779	0.0576296	0.0741112	0.0113093	0.11529	-0.0210926	
-0.038447	0.019468	-0.128976	0.02769	-0.0317819	-0.111254	-0.013076	-0.0438085	-0.0916132	0.117082	-0.0841122	0.0395564	0.0440531	-0.105304	0.0266294	-0.00481072	-0.154575	0.156707	0.0643527	-0.108477	0.10993	-0.0370789	0.00733797	0.100411	0.0536073	0.0541475	-0.0040815	-0.109197	0.0213726	0.0467501	0.121684	-0.00549314	
0.159978	-0.0535586	-0.141253	0.0415255	0.0158376	0.0524039	0.0412533	0.0152094	-0.104155	-0.0600163	-0.0198422	-0.0961261	-0.00119928	0.0129051	-0.119457	0.138759	0.0930832	0.0290896	0.155219	-0.0920606	0.0545709	0.0886052	-0.0212041	0.110571	0.0751715	-0.141612	0.0702199	-0.0835486	-0.0733464	0.0527183	-0.0493732	-0.123087	
0.0382381	0.0230872	0.0316482	-0.0219936	-0.0369988	0.0297094	-0.115576	-0.0290004	0.108269	-0.172969	-0.0483484	0.0690274	-0.0980776	-0.0586279	0.0121915	-0.115821	0.110343	-0.0601657	-0.0299433	0.0924725	-0.0338699	-0.0370455	0.15294	0.0345472	0.0473147	0.0682732	-0.0423826	0.039776	0.112534	0.0141005	-0.0555375	0.0830261	

0.0268953	0.036547	-0.0880741	0.0585109	0.0299556	-0.0660528	0.0258597	-0.0158163	0.00694019	0.0716849	0.0877881	-0.0861141	0.0565586	0.0141585	-0.078326	0.0558494	0.0713603	-0.0483817	0.0448606	-0.117601	0.0200958	0.0465891	-0.0787928	0.00151859	-0.0127485	-0.160317	-0.0297555	0.0278114	-0.0775663	0.0203657	0.0693937	-0.189934	
0.121496	0.0748998	0.0982298	0.0116729	-0.142665	0.0031957	0.0616388	0.044381	0.120206	0.118509	-0.0391798	-0.0686853	0.0505549	0.0394967	0.0712198	0.033212	-0.0601628	-0.0708899	-0.0754524	0.00695334	0.0501225	0.135749	-0.064448	-0.0762848	-0.093805	-0.107632	0.10766	0.0512483	-0.0811737	0.0641924	-0.0986219	-0.0506513	
0.0852932	0.0603854	0.0230104	0.0361486	0.0308857	-0.0398993	0.0703224	0.0513304	-0.000391697	0.140785	-0.147415	-0.136221	0.113003	-0.12393	0.124195	-0.0101494	-0.0222251	-0.0638369	-0.0677754	-0.0220154	-0.0112239	0.0800017	-0.147018	-0.0593209	0.0347141	-0.0894157	0.0297653	0.0776204	0.0174574	-0.0304415	-0.0178785	-0.0903209	
-0.0188645	-0.0796151	0.0448113	-0.0649952	0.0240316	0.0324695	-0.0473629	0.0604602	0.0534965	-0.0488319	0.0537076	0.0370277	0.0257969	0.053361	0.00932322	-0.0427165	0.0393559	-0.00755589	-0.11052	0.0553764	0.0631763	-0.147392	-0.0374164	-0.0138135	-0.0476382	-0.023911	-0.09641	-0.0669341	0.0348643	-0.167556	-0.0701785	0.0784653	

0.0477891	0.0707447	-0.10376	-0.0164179	0.0601543	-0.0814171	0.0416577	0.0131323	-0.0660963	-0.0274283	0.0939105	-0.011896	-0.0704479	-0.113911	-0.032124	-0.0272281	0.0192864	0.0381215	-0.0465252	-0.112499	0.0345706	0.0320714	0.133406	0.0849539	-0.0280579	-0.0400832	0.0489124	0.0918263	0.0680513	0.0168963	-0.0277887	-0.0814585	
0.116058	0.135906	-0.0410426	-0.0996558	-0.0490916	-0.118112	0.0616518	0.016817	-0.0643957	0.0413887	-0.0636518	-0.0850251	-0.0389672	-0.0678701	0.104859	0.0916324	-0.0799491	-0.0185899	-0.0626977	0.0223151	0.148005	0.10961	0.0918791	-0.0301031	-0.15873	0.0310215	0.0400129	0.154572	0.101016	-0.117182	-0.181359	0.00259162	
-0.130906	-0.0974263	0.0884531	-0.034201	-0.0663826	-0.199912	-0.0744568	0.0288511	0.1779	-0.027698	-0.0517003	-0.0589057	0.0263964	0.114056	0.072282	0.113714	-0.0715041	-0.101225	0.0483193	-0.0230872	0.059644	0.0735159	-0.0533369	-0.110681	0.0809427	0.0507604	0.127602	0.0296798	-0.0569673	0.1116	-0.0422734	0.000101511	
0.0447554	-0.0537871	-0.0151465	0.010424	0.00951597	-0.0340152	-0.0685118	-0.047276	0.0267235	-0.0943583	-0.0463009	0.014621	-0.0757186	-0.0200713	-0.000112061	-0.027352	-0.00646362	-0.0542999	-0.0394561	0.0567384	0.0262783	0.0549665	0.0360275	-0.0975002	0.0399072	0.148572	0.124738	-0.0334336	-0.0629048	0.057782	0.118698	0.0198087	

-0.0669588	-0.166474	0.233384	0.00813717	-0.0502191	0.105683	-0.0821903	-0.0625243	0.229265	0.027253	0.0192067	-0.0135484	-0.108795	0.0165692	0.0728643	0.0155538	0.0483587	-0.0979718	0.00325455	0.0492338	-0.0449797	-0.0124142	0.10422	0.0515984	0.124514	0.0365164	0.00883701	-0.071575	0.100329	0.0169656	-0.0161412	0.0690295	
0.00380075	0.00819304	0.142549	0.00177787	-0.142397	0.041472	-0.16743	0.0870683	0.1833	-0.133912	-0.0816534	-0.137256	-0.221952	0.245563	0.0635507	0.0065053	0.0218168	-0.257105	0.00844154	0.15654	-0.0199526	0.0660788	-0.0859148	-0.0869715	0.0573655	-0.120797	0.0518849	0.12816	-0.031137	-0.0020322	-0.144649	-0.105373	
-0.0086578	0.120492	-0.00836695	-0.0751915	-0.107495	-0.159676	0.0774536	0.0374498	0.00784263	0.00837743	0.0256046	0.130099	0.0335706	0.0196188	0.0713893	-0.0953561	0.0659545	0.0431858	-0.220923	-0.00223516	0.104259	-0.0669838	0.227837	-0.133059	-0.181768	0.0996308	0.0920538	0.133902	0.129966	-0.160006	0.0311761	-0.0334761	
-0.0371458	0.0904115	0.054986	-0.0258354	-0.00946786	-0.0527915	0.157727	0.08279	-0.102855	0.032378	-0.00994842	-0.0744397	0.220147	-0.00933185	-0.0407999	0.0250401	-0.0424523	0.0934862	0.141066	-0.138612	0.0763542	0.0558899	-0.017229	0.0545075	0.010091	0.0123062	0.104264	0.0321863	0.0479446	0.0372364	0.0569487	0.0171345	

-0.0886783	-0.107386	0.0700508	0.0532635	-0.134525	0.171025	0.000692371	-0.0932565	0.0664622	0.155201	-0.103498	-0.00433743	0.128159	0.00983862	-0.124418	0.115417	-0.105848	-0.164361	0.157043	0.045974	-0.120843	0.164805	-0.112269	-0.0776719	0.0873534	0.0325365	-0.116035	0.0593643	0.00300245	-0.0533019	-0.0212102	0.0189292	
0.0614487	-0.0505489	0.0598507	0.0252503	-0.0509421	0.151442	-0.0648103	-0.0499161	0.126168	-0.0337967	0.056665	-0.00234073	-0.0333366	0.0357273	0.00693918	-0.0676776	0.0215002	-0.0276109	0.0717819	0.0208361	-0.0681815	0.0360901	-0.112146	0.0469129	0.151732	-0.201525	0.0446147	-0.0552944	-0.133914	0.105917	0.0600784	-0.0557459	
0.103723	0.0225112	-0.206443	0.0921367	-0.0553819	-0.0140556	0.0437486	0.144521	-0.205422	0.158418	-0.0377746	0.00333967	0.151887	-0.098047	0.0712742	-0.134657	0.125179	0.0670762	-0.236024	-0.00573876	-0.111779	-0.00273348	-0.0712983	0.117682	-0.108141	0.0530298	0.0368944	0.0175602	0.0418762	-0.0275069	0.150374	-0.119677	
-0.114612	-0.00144827	0.0833777	-0.0384433	-0.0445586	0.0114138	-0.0323412	0.0973271	-0.0174601	0.0215347	0.00580853	0.011055	0.0843415	0.0132666	-0.0507005	0.0161491	0.0208616	0.0696885	-0.0670537	-0.0502765	0.0273401	-0.0491985	-0.0384434	0.0570109	-0.0691974	0.00923326	-0.0969803	-0.0161264	0.0710107	-0.101262	-0.0612401	0.113659	

0.218238	0.111502	-0.28344	0.0104649	0.19615	-0.16341	0.0290918	0.214742	-0.140353	-0.300398	0.300304	0.0224776	-0.11986	0.275887	-0.107017	-0.249907	0.148668	0.0769759	-0.142134	-0.0616517	0.206877	-0.0933089	-0.152162	0.102472	-0.0853883	-0.288684	0.329052	0.00470312	-0.330581	0.178125	0.0200584	-0.353628	
0.174105	-0.304031	0.0544392	0.14925	-0.0929507	0.206921	0.0930563	-0.0785366	-0.0400387	-0.0399135	0.0884257	0.177227	0.014847	0.0658225	-0.303959	0.00219872	0.283405	-0.0280262	0.0858346	-0.0836281	-0.229379	0.119268	0.0176106	-0.0673212	0.104143	-0.0380423	0.0827403	-0.107966	-0.217172	0.264026	-0.0639465	0.0734355	
-0.151877	0.0753626	-0.0624252	-0.0998176	0.198528	-0.0243328	0.181377	-0.333201	0.110256	0.224779	-0.227453	0.105162	0.00494134	-0.174206	0.122102	0.137236	-0.337802	0.0542313	0.112719	-0.0632416	-0.0222233	-0.212523	0.085969	-0.151206	0.372543	-0.0491345	-0.344041	0.0697217	0.0161377	-0.0266771	0.0966091	0.151477	
-0.049519	-0.00565439	-0.0659598	-0.116213	0.185612	-0.0109614	-0.124032	0.0256063	-0.0247485	0.0642297	0.165656	-0.123177	-0.0726657	-0.0264981	0.0900135	0.0622026	-0.0485699	-0.0370718	-0.0585047	-0.00438905	0.103906	-0.241442	-0.0257284	0.0890484	-0.119205	-0.0358856	-0.0509619	-0.12574	0.0822921	-0.0928773	-0.127483	0.0627608	

0.0250346	0.118681	-0.130917	0.00560122	0.138264	-0.109265	0.0181541	-0.0629252	-0.112679	0.055789	0.061117	-0.0349609	0.0195486	-0.0206882	-0.0060055	0.00205136	-0.0298805	0.0749612	-0.0227841	-0.0573797	0.0910953	-0.0583167	0.0090635	-0.0139765	-0.100428	-0.116108	-0.038086	0.0433901	0.0722992	-0.00172727	0.0188361	-0.145961	
0.0786698	0.23362	-0.0693484	-0.130953	0.0141466	-0.0905344	0.113129	0.0136653	-0.0825227	0.288864	-0.0501644	-0.0926146	0.0299629	-0.0547568	0.176407	0.0819492	-0.200046	0.0355451	-0.0569909	-0.0214872	0.148342	-0.0728701	0.0999901	0.00389502	-0.162804	0.0452389	-0.028724	0.0640297	0.148198	-0.107874	-0.099374	0.00711643	
-0.0532731	-0.0881953	0.182091	0.0264803	0.0285448	-0.0746796	-0.0119479	0.119309	0.184455	-0.131568	-0.171379	-0.110306	0.00574683	0.0923135	-0.156314	0.143432	0.0469337	-0.0588504	0.0301898	-0.157191	0.0980315	0.179267	-0.0805061	-0.168067	0.112157	-0.0956371	0.119244	-0.0809622	-0.167546	0.132614	-0.0938128	0.0829762	
0.0176558	-0.119327	-0.00291363	0.103069	-0.0570921	-0.0639022	-0.0525412	0.0451054	0.150022	-0.167578	-0.0689469	0.121685	-0.00238245	-0.0170739	-0.0586516	-0.0777411	0.163944	-0.0593234	-0.141043	0.0473509	0.02054	0.00345871	-0.00962705	-0.148222	0.0420489	0.0388102	-0.0152526	-0.0343591	-0.15485	-0.0342549	0.0362114	0.0207563	

0.060958	0.201598	-0.258644	0.157481	0.290259	-0.377218	-0.115617	0.280945	-0.110608	-0.0107472	0.294752	-0.136366	-0.326563	0.0741141	0.210869	-0.149898	0.0916957	0.170721	-0.230094	0.00218078	0.231649	-0.236297	0.0322344	0.387852	-0.122112	-0.145798	0.163998	-0.0106569	-0.127065	0.255104	0.189766	-0.280017	
0.065512	0.175849	0.0133684	0.0224043	-0.147924	-0.388249	0.0722474	0.122862	0.032739	0.206261	-0.206319	-0.338263	0.0648282	-0.0107425	0.255289	0.148834	-0.280983	-0.214909	-0.123502	0.225154	0.221899	-0.0379046	0.0752325	-0.0639005	-0.26415	0.0955596	-0.0157993	0.0987496	0.286361	-0.184403	-0.263416	-0.031994	
-0.0898387	-0.0208057	0.353958	-0.113547	-0.282726	0.0976024	-0.0928405	0.121305	0.155128	-0.147993	-0.113784	0.0175025	0.105319	-0.13209	0.0803462	0.184751	-0.0322858	-0.11932	0.177277	-0.155376	-0.0583721	0.500376	-0.110797	-0.188038	-0.0878657	-0.0451733	0.203653	0.219779	0.0146854	-0.184244	-0.0989562	0.0155986	
0.0880395	0.0735172	0.0581248	0.00427493	-0.110773	0.0142241	0.0901965	0.0500984	0.00230306	-0.169823	-0.0262047	0.104233	-0.0268284	0.136299	-0.011084	-0.20281	0.050518	0.0947604	0.00884571	0.05263	-0.0644541	0.116137	0.141479	-0.0878198	-0.0120121	0.124685	0.170961	-0.0177415	-0.115842	0.155348	0.138538	-0.124076	

-0.121425	-0.104867	0.0939412	-0.0112813	-0.103684	0.0719362	0.0296859	-0.137872	0.107682	0.0899683	-0.0819179	-0.162212	0.143847	0.0304238	-0.0903822	-0.00298826	-0.0287508	-0.226945	0.112078	0.0743903	0.0115674	-0.0410171	-0.127264	-0.00464556	0.132711	-0.0407355	0.000550169	0.0179645	-0.117328	-0.0554572	0.12083	-0.0148379	
-0.0781005	-0.100746	0.100734	0.0545316	-0.0180417	0.154804	-0.0676872	-0.12561	0.120281	0.017749	-0.00471469	-0.00395885	0.0656267	0.0589051	-0.110444	-0.0497234	0.07325	-0.00614972	0.0678278	0.143305	-0.0809009	-0.0618194	-0.129445	0.208495	0.166056	-0.130422	-0.00355601	-0.0376988	-0.210981	0.195197	0.165641	-0.00214911	
0.0464291	-0.012672	-0.124279	-0.0565314	-0.0275175	-0.00814977	0.192735	-0.0771875	-0.210587	0.0820962	0.069428	0.0237953	0.16681	-0.132477	-0.00808395	-0.136367	0.153949	0.110754	-0.148689	-0.0772598	-0.0660286	-0.0596786	0.0119951	0.102777	-0.0352807	-0.0622597	0.0205196	0.113528	0.0116858	-0.0850212	0.100078	-0.0432625	
-0.134079	-0.054256	0.20099	-0.107062	-0.14309	-0.0184557	0.088569	-0.0255528	-0.11964	0.0340923	0.045217	-0.127073	0.0323977	0.0894952	-0.0958529	-0.134077	0.0441854	0.133123	-0.116272	-0.11632	0.0629509	-0.0862301	-0.0405739	0.0973903	0.00075988	-0.136344	-0.0996406	0.0465006	0.140824	-0.180979	-0.0145226	0.0623233	

0.029429	-0.0623888	-0.110751	0.239552	0.16805	-0.14214	-0.170311	0.223662	0.0382767	-0.120864	0.21203	0.0743543	-0.277317	0.192461	0.210383	-0.0967267	-0.129773	0.0253056	0.00320519	0.0841118	0.0588609	-0.075578	-0.0791436	0.0839248	-0.0513348	0.0473629	0.0265166	-0.136876	-0.0289887	0.180954	-0.0285441	-0.152724	
0.116865	-0.134274	0.0455958	0.184874	-0.017832	-0.126111	-0.069046	0.190306	0.110598	-0.0641074	0.0192498	-0.101551	-0.14467	0.118378	0.182182	-0.000534766	-0.115515	-0.163404	0.107425	0.104475	-0.132279	-0.0248369	-0.0561199	-0.130672	0.140301	0.00426048	-0.105941	-0.101406	0.119267	0.0545995	-0.193254	-0.0163529	
0.0346169	0.117581	0.0204263	-0.115992	-0.0840892	0.063383	0.0372942	0.1615	-0.0384797	-0.061354	-0.097032	0.260678	0.059741	-0.249575	0.0945313	0.0228345	-0.0248591	0.0436847	-0.0755989	-0.127462	-0.205671	0.214897	0.186764	-0.156461	-0.169604	0.0514185	0.0294246	0.0691413	0.0646274	-0.126765	0.0185507	0.0706307	
0.0339876	0.217965	-0.0616619	-0.0672842	0.0447353	-0.0257027	0.00861428	0.232081	0.0345893	-0.100442	-0.0283116	0.137966	0.148883	-0.0666922	0.00885767	0.0793017	-0.0956651	0.0985164	0.201302	-0.107451	-0.199383	0.0515521	0.169595	-0.0535622	-0.212494	0.111189	0.0910994	-0.169924	-0.0669602	0.209542	-0.0508301	-0.211701	

0.171434	-0.127838	-0.0162651	0.067485	0.0524376	-0.0806332	-0.00438609	0.216094	0.0606176	-0.227554	0.0578726	0.14575	-0.0336677	0.0293198	0.243753	-0.0584512	-0.100188	0.0202682	0.190783	0.0217036	-0.0720789	0.0656796	-0.0472579	-0.221149	0.0709198	0.18732	-0.013082	-0.212929	0.0140152	0.0525556	-0.100255	0.118654	
-0.0139617	-0.344471	-0.132398	0.270594	0.146065	-0.0288756	-0.0817982	0.0835869	-0.0492943	-0.287332	0.228878	0.284765	-0.0810372	-0.0342765	-0.118261	-0.149598	0.0118015	0.141774	0.177982	-0.150654	-0.307753	0.0508208	-0.106649	-0.0656483	0.212891	0.13712	-0.231819	-0.289844	-0.0280472	0.182985	0.0701997	0.102375	
0.175507	0.0814268	-0.192021	0.0171609	0.222023	0.190798	0.0317286	-0.0889129	-0.11095	-0.0992275	0.162825	0.178078	-0.07051	-0.246223	0.0709438	-0.059021	-0.0714468	0.0691243	0.186732	0.0452029	-0.210934	-0.148351	0.167283	0.0925297	-0.0868101	0.0986615	-0.177566	-0.131645	0.124839	-0.0335044	0.05502	-0.0648286	
0.15505	0.226665	-0.14755	-0.103767	0.288575	0.0259968	-0.0972625	0.0859583	0.115083	0.0166049	0.0414495	0.155666	0.0374062	-0.167549	0.162466	0.253654	-0.199397	-0.0618128	0.31968	-0.00511945	-0.250733	0.0174243	0.239021	0.0092273	-0.188492	0.0309985	0.0496185	-0.211222	0.110949	0.207282	-0.123735	-0.267222	

-0.0463773	0.122425	-0.0145329	-0.134949	-0.0574296	0.176852	0.059424	0.039145	-0.111852	0.132621	0.00692557	-0.0841525	0.0366396	0.200529	-0.118884	-0.117989	0.122616	-0.0250862	-0.189194	0.260602	0.123268	-0.231727	-0.133014	0.372942	-0.0635089	-0.210429	0.233984	0.179011	-0.2939	-0.0507819	0.18583	-0.0565827	
-0.082431	-0.0746718	-0.0505519	-0.0657363	0.00872289	0.365047	-0.0126498	-0.355264	-0.0823586	0.147737	0.042306	-0.0359484	0.171719	-0.0753416	-0.284716	-0.00242535	0.198135	-0.0934496	0.0128253	0.237466	-0.117982	-0.370307	0.00841749	0.358748	0.10138	-0.298109	0.0117878	-0.0415011	-0.0817677	-0.048246	0.204205	0.0396683	
-0.256802	-0.217899	0.14922	0.180002	-0.302713	0.202274	-0.0536279	0.061609	-0.194233	0.134957	-0.0294624	0.0578476	0.252688	-0.112756	-0.0554474	-0.185539	0.173503	0.132748	-0.0771209	-0.0765106	-0.125224	0.132589	-0.227094	0.161065	-0.000224783	0.075852	0.0114246	0.0197474	-0.0430566	-0.237415	0.510577	0.0570683	
-0.353639	-0.101784	0.342147	0.138376	-0.318584	0.019354	0.238944	-0.0470584	-0.219623	0.238692	0.155922	-0.233738	0.00391766	0.29025	-0.0899772	-0.263251	0.255848	0.270463	-0.276014	-0.185804	0.257944	0.117035	-0.181725	0.0665132	0.0528059	-0.0537324	-0.00816663	0.156942	-0.0966098	-0.11841	0.216825	0.207061	

-0.216507	0.0454919	0.08884	0.00322921	0.0227269	-0.111243	0.0775266	-0.0108173	-0.0642575	0.215576	0.103621	-0.259126	0.0536275	0.0376266	-0.00890902	-0.0193118	0.176873	-0.162445	-0.155147	0.145638	0.123008	-0.322636	-0.0600081	0.386496	-0.0162178	-0.41071	0.222113	0.159206	-0.360181	-0.0391257	0.345808	-0.195192	
-0.0958291	0.104975	0.143443	0.0741574	-0.148056	0.0211779	0.052982	-0.0601331	0.205168	0.20943	-0.279946	-0.214347	0.238416	0.0153263	-0.0580343	0.238947	0.0419523	-0.306953	-0.187034	0.36811	0.166752	-0.299062	-0.130999	0.317971	-0.143499	-0.266705	0.128695	0.241394	-0.0593442	-0.152289	0.0242727	-0.0173541	
-0.123637	-0.0550015	0.337026	0.0291162	-0.458985	0.0626783	0.222719	-7.54907e-05	-0.13503	0.074639	0.114836	-0.101085	0.152283	-0.099143	0.060051	-0.0477659	0.0100362	-0.0930244	0.0188826	-0.182694	-0.0337563	0.206977	-0.122206	0.0641627	-0.178942	-0.185656	0.217405	0.288425	-0.0900846	-0.331329	0.31224	-0.0103004	
-0.367159	-0.0587071	0.481291	-0.140703	-0.466542	0.168183	0.443651	-0.19081	-0.289933	0.206156	0.249504	-0.317369	-0.115265	0.491904	0.0181093	-0.538881	0.163144	0.363029	-0.182686	-0.210217	0.112778	0.0402523	-0.0862448	-0.0663896	-0.0149515	-0.0812692	0.035081	0.0442113	-0.101437	-0.197866	0.235604	0.0588549	

-0.0267178	0.0474024	0.0624892	-0.150944	-0.0579154	0.162146	-0.0322528	-0.094439	0.153938	0.057458	-0.121721	-0.0349389	-0.0320823	0.176277	-0.00645683	0.012473	0.0317582	0.0727431	-0.0950232	0.113572	0.0137427	-0.149758	-0.0383001	-0.00366605	0.0655699	0.0583369	-0.0623865	-0.0967233	-0.0467299	0.0147571	-0.0737056	0.192189	
-0.11538	-0.0316815	0.0460533	-0.160049	0.155944	0.207624	-0.024634	-0.213534	-0.0444661	0.100238	0.0928875	0.0274843	-0.0740995	0.172951	-0.100356	-0.132468	0.048351	-0.019322	0.141768	-0.00748447	-0.0956621	-0.218815	0.0356732	0.0563201	0.0967577	0.00152787	-0.129308	-0.0523005	-0.059873	0.119772	0.117905	-0.0361541	
-0.195888	0.0800194	0.0361763	-0.0020178	0.257718	-0.113931	0.157647	-0.214235	0.13845	-0.14733	-0.056291	0.230433	-0.0885197	0.220255	-0.531547	0.03728	0.072692	0.27112	-0.144046	-0.11462	0.269891	-0.228827	0.208655	-0.245694	0.109046	0.0280681	-0.113604	0.0471558	-0.149912	0.147642	-0.201644	0.27783	
-0.0723418	-0.0899558	0.0048444	0.211689	-0.00654314	-0.1565	0.0758563	0.118796	0.00686283	0.00518892	-0.0934867	0.0558612	0.214637	-0.0204274	-0.209205	0.0904628	0.140869	0.0361721	-0.124488	-0.0630425	0.159986	0.0255386	-0.168577	0.0834147	0.0958742	-0.188926	-0.0990074	0.156113	-0.00135233	-0.0686408	-0.0395032	0.0908359	

0.109401	0.209294	-0.223488	-0.0178906	0.0657204	-0.141497	0.153726	0.0481986	-0.139946	0.0899949	0.0611464	-0.0844441	-0.0485343	0.0577136	-0.171099	0.169345	-0.0121692	0.0674974	-0.0121422	-0.0697492	-0.00231091	0.0243228	0.00545335	0.124969	0.10148	-0.222634	0.0994958	0.180897	-0.198048	0.0931472	0.0469735	-0.0830805	
0.18413	-0.0365088	-0.0386127	-0.0948572	-0.023361	-0.00285053	0.118415	-0.180482	-0.10676	0.171634	-0.102108	0.0521373	-0.0359958	-0.0365206	-0.0404334	0.0871649	-0.0607102	-0.0985801	0.0894365	-0.0791503	0.162641	-0.087937	0.0615155	0.0645307	-0.0533733	-0.150899	0.0491654	0.134326	-0.0363199	0.0393653	-0.155482	-0.0327552	
-0.349035	0.0265947	0.0819704	0.0859338	0.139203	-0.424238	0.29545	-0.243764	0.19608	0.0208729	-0.197243	0.130901	-0.0882023	0.26985	-0.37386	0.387546	-0.294327	0.133004	0.129911	-0.210833	0.295082	-0.136903	0.133682	-0.363344	0.303856	-0.0911769	0.0927757	0.181493	-0.391108	0.326666	-0.160519	0.20013	
-0.197658	-0.0422893	0.139795	0.0321219	-0.0363936	0.0411486	-0.066348	0.0131485	0.0418611	-0.0967221	0.0464149	0.0342036	-0.0899858	0.112917	-0.0110033	-0.129544	0.123164	0.0591639	-0.179053	0.0487593	0.145141	0.0125184	0.0707413	-0.0858304	-0.05156	0.203663	0.0516416	-0.0326432	-0.0289661	0.0217566	0.0680697	0.215461	

0.0178515	0.0819606	0.0628619	-0.199486	-0.0841956	0.26141	-0.0774989	0.000436451	-0.026873	-0.0424002	-0.0830899	0.0108913	0.0389813	0.119752	-0.00388102	-0.249848	0.207504	0.093104	-0.230459	0.174617	0.115844	-0.153287	-0.0727634	0.173512	-0.141674	0.0626404	0.106844	0.00165739	-0.0550989	-0.0383843	0.0195555	0.0976189	
-0.208108	-0.0207161	-0.0655285	-0.119371	0.0578095	0.310297	-0.0378406	-0.270066	-0.119773	-0.0264037	0.189289	-0.029935	0.150226	-0.0410513	-0.253427	-0.139103	0.243756	0.112653	-0.0408556	0.0945571	-0.224785	-0.11985	0.0648773	0.151354	0.04825	0.0289422	-0.0137822	-0.148942	-0.0229119	-0.0304937	0.282518	0.0386908	
-0.00378066	-0.17735	0.0316664	0.108089	-0.132625	0.437269	-0.370385	0.0682846	-0.114957	0.0500407	0.0372736	-0.088086	0.189255	-0.161938	0.0956611	-0.356448	0.304558	0.0605552	-0.0657219	0.205385	-0.130719	0.129881	-0.319336	0.346082	-0.0475478	0.190846	-0.244131	-0.184577	0.231582	-0.303675	0.339214	-0.0532931	
0.00622518	-0.141532	0.0060249	0.215626	-0.0443927	-0.100664	0.084552	-0.0363852	-0.127791	0.201998	-0.0184895	-0.134054	0.0511447	0.0228766	-0.126539	0.0543175	0.12112	0.0173107	-0.155215	-0.0169936	0.199167	0.0576151	-0.270236	0.201293	0.201601	-0.220975	-0.0644297	0.242882	0.0170722	-0.119786	0.0771471	0.0890609	

0.131315	-0.0417969	-0.00604916	-0.142878	0.091527	0.0464174	0.126372	-0.0219062	-0.029585	-0.322806	0.0331379	0.323676	-0.00920109	0.0534159	-0.00916418	-0.0829233	-0.150954	0.159687	0.0399979	0.00678544	0.0360816	-0.00790571	0.145107	-0.338211	-0.0523325	0.085537	0.0692919	-0.0799863	0.177805	-0.063121	-0.28244	0.160964	
0.036341	-0.201126	-0.190519	-0.0664176	0.301058	0.100141	0.0203407	-0.00634275	-0.317891	-0.0877363	0.198811	0.465848	-0.207667	-0.045256	-0.260428	-0.0767299	0.153475	0.221797	0.196697	-0.338055	-0.159463	-0.109197	0.193049	-0.0682862	0.138593	0.176089	-0.254749	-0.135143	-0.0387832	0.0688157	0.0473406	0.206454	
-0.303115	-0.0180317	-0.0764914	-0.122153	0.544862	-0.279543	0.249492	-0.362349	0.346824	-0.226737	-0.00476022	0.248578	-0.484883	0.442698	-0.401287	0.343198	-0.313353	0.136298	0.164507	-0.124273	0.226452	-0.66593	0.535425	-0.322233	0.456543	0.00275566	-0.214975	-0.237785	-0.267546	0.519966	-0.223045	0.448218	
0.0842402	0.0741815	-0.253753	0.101663	0.250532	-0.101868	-0.133985	-0.0398479	0.17042	0.0511	0.0185753	0.0413644	-0.014216	-0.256998	0.118844	0.293595	-0.0739419	-0.204922	0.183486	-0.048389	-0.0669192	0.0256109	0.0804346	-0.104726	-0.00439909	0.0362631	0.0535595	-0.121323	-0.138352	0.203718	-0.0590262	-0.09433	

-0.146936	0.105894	-0.013514	0.0214204	-0.0392598	-0.0575288	0.0295796	-0.238906	0.0508856	0.367438	-0.134068	-0.3247	0.142355	-0.0714036	-0.17841	0.266548	0.0297961	-0.134206	0.0596572	-0.108291	-0.0943779	0.103272	-0.0653033	0.0177683	0.238052	-0.183735	-0.160998	0.15215	-0.133118	0.10416	0.0573152	-0.0370459	
0.0834535	0.229652	0.209174	-0.165929	-0.160625	-0.0655199	0.122972	-0.160317	0.25144	0.235829	-0.22397	-0.280848	-0.0134389	0.184743	0.223441	0.0894322	-0.186495	-0.185377	-0.00191051	0.0343157	0.293973	0.0688604	-0.121408	0.0700133	-0.170368	-0.113953	0.172104	0.280028	-0.111094	0.0995851	-0.134172	-0.23473	
-0.028057	0.18664	-0.0273961	0.0473332	0.0342929	-0.451013	0.347862	-0.166072	0.177845	-0.0070584	-0.148924	-0.0901211	0.08376	0.240534	-0.395973	0.235128	-0.0193964	0.0869595	-0.170439	-0.22357	0.432262	0.0399053	-0.00420559	-0.242447	0.00836009	-0.129712	0.120075	0.352535	-0.280213	0.181596	-0.334659	0.00228901	
-0.13957	-0.20476	0.203732	-0.0313914	-0.121424	-0.0451796	0.00340474	0.0837654	0.0216383	-0.216933	-0.130617	0.092403	0.0282072	0.152488	-0.244977	-0.178316	0.177022	0.0925652	-0.338778	0.110231	0.185549	-0.125156	-0.116649	0.0356723	0.0639186	-0.0288576	-0.115112	0.0875805	0.162505	-0.295919	-0.0346119	0.289537	

-0.20133	-0.257442	0.135356	0.3344	-0.133911	-0.196866	0.00497494	0.0333703	-0.0159213	-0.00444973	0.0033532	0.120087	-0.0310837	-0.402388	0.145642	0.31389	-0.29255	-0.221827	0.368648	-0.106027	-0.352458	0.31571	0.154053	-0.221466	0.038084	0.116004	-0.241456	0.0823394	0.151933	-0.00742327	-0.107713	0.176088	
0.213976	-0.0369159	0.0515566	0.245757	-0.0624444	-0.576116	-0.0312161	0.464926	0.340414	-0.37469	-0.115546	0.0386459	-0.0931493	-0.120755	0.352536	0.193302	-0.201225	-0.172257	-0.0706898	0.0252775	0.244858	0.283793	-0.190078	-0.0860377	-0.0649995	-0.0137444	0.0131901	0.274306	0.106827	-0.15293	-0.269692	0.0381856	
0.148482	0.170083	-0.0920365	-0.00330454	-0.193623	-0.244636	0.235078	0.177503	-0.158304	-0.0963073	0.27391	-0.112046	-0.266974	-0.016878	0.4125	0.167482	-0.278977	-0.214464	0.134325	0.111369	-0.212248	0.0293715	0.222373	0.11521	-0.483831	0.00616541	0.288152	0.15628	-0.137707	0.0923276	-0.123792	-0.218975	
0.0223913	0.341851	0.0374742	-0.460145	-0.0341678	0.265358	0.00442739	-0.153151	-0.0860974	0.00548782	0.0401322	0.0284111	-0.287938	0.073241	0.256843	-0.0474101	-0.503296	0.0979826	0.412302	-0.0344132	-0.528324	0.166408	0.401545	-0.270771	-0.345523	0.387457	0.247421	-0.418387	-0.0745967	0.282605	0.065929	-0.355429	

0.1042	0.333647	-0.130554	-0.367422	0.211318	0.44865	-0.221081	-0.276735	0.119873	0.245575	-0.0522451	-0.259593	0.24378	0.351271	-0.306993	-0.528874	0.529963	0.219687	-0.531069	-0.0322396	0.471885	-0.0500687	-0.217299	0.191476	-0.0565687	-0.060746	0.0846313	-0.00663878	0.0659852	0.180276	-0.0599323	-0.396033	
-0.173947	0.526931	0.173088	-0.574592	-0.27633	0.670684	0.137458	-0.595673	-0.0840945	0.500991	0.118647	-0.602834	0.050238	0.352726	-0.0898114	-0.298419	0.145454	0.195178	-0.115726	-0.0545737	-0.187629	0.234141	0.166901	-0.155321	-0.264862	0.154267	0.245418	-0.23609	-0.184354	0.174745	0.17729	-0.340594	
0.263601	-0.13813	-0.183991	-0.0448936	0.0585993	0.351891	-0.666915	0.0721652	0.461415	0.263555	-0.547793	-0.335225	0.741296	-0.0231815	-0.140852	-0.391469	0.70145	0.0224332	-0.651556	-0.0400743	0.342165	0.341506	-0.817896	0.120286	0.428781	0.235622	-0.520754	-0.119717	0.60364	-0.279335	0.0791366	-0.0920078	
0.343155	-0.731002	-0.252038	0.662441	0.251822	-0.567694	-0.223513	0.425228	0.272424	-0.207782	-0.371616	0.198775	0.53628	-0.243761	-0.61217	0.331638	0.73296	-0.320993	-0.801166	0.386408	0.861295	-0.451983	-0.860838	0.618364	0.730043	-0.658752	-0.482896	0.711638	0.37914	-0.767901	-0.229417	0.723858	

0.210307	0.0501807	-0.118111	-0.166303	-0.0265567	0.0493327	0.0651254	0.288754	-0.266738	-0.169149	0.0289179	0.0592237	0.0321757	0.105	0.052817	-0.292556	0.112334	0.0588728	-0.141856	0.171757	0.0963266	-0.198523	-0.170407	0.229582	-0.17822	-0.0539107	0.296783	-0.0210087	-0.24112	-0.17695	0.198494	-0.0981163	
-0.17425	-0.266704	-0.307889	0.247746	0.134998	0.383055	-0.0413335	-0.194726	-0.335129	-0.0580759	0.249369	0.271149	0.334059	-0.326756	-0.426023	-0.0712305	0.284581	0.280529	0.0110975	0.0838512	-0.349043	-0.265086	0.0525642	0.298623	0.223494	-0.0664392	-0.0438606	-0.367476	0.0497572	-0.0520502	0.403645	0.218881	
0.0849203	-0.391756	0.046441	0.269903	-0.336007	0.776057	-0.543775	0.210047	-0.493808	0.211586	0.169463	-0.0516851	0.312863	-0.556931	0.40554	-0.49521	0.205893	-0.0639794	0.283687	0.218922	-0.576625	0.261997	-0.51884	0.59519	-0.0570321	0.113022	-0.138835	-0.393791	0.328052	-0.514105	0.832485	-0.274375	
-0.157364	0.00278289	0.0706252	0.0541468	-0.111127	0.105199	0.0356453	-0.183186	-0.152542	0.262392	0.220294	-0.243975	-0.171791	0.0612959	0.17508	-0.157385	0.0735617	0.0215139	-0.0199894	-0.128217	0.000743852	0.0682433	-0.0245045	0.0262586	-0.0638953	-0.0653863	-0.0155944	0.0154441	-0.083204	0.0503286	0.0954007	-0.0895069	

-0.190194	0.0750406	0.120538	0.0845457	0.231653	0.0602467	-0.32022	-0.34919	0.262972	0.386067	-0.0890615	-0.187053	0.0644015	0.151985	-0.288229	0.013698	0.23252	0.13035	-0.286447	-0.183489	0.204317	0.251197	-0.0245188	-0.136094	0.127741	-0.0780211	-0.170164	-0.0592836	0.27099	0.363619	-0.0622801	-0.330634	
0.0083878	0.646332	0.544584	-0.37083	-0.616051	-0.158831	0.0482636	0.16735	0.427677	0.374982	-0.447291	-0.677519	-0.24807	0.6445	0.376267	-0.0377134	-0.169732	-0.266587	-0.208661	-0.199502	0.444957	0.552016	0.0613765	-0.676219	-0.418937	0.160953	0.475734	0.123869	-0.140646	0.0842962	-0.231945	-0.508224	
0.41917	0.500243	-0.274537	-0.376748	0.164306	-0.203213	0.0386383	-0.0858491	0.579348	0.186267	-0.544093	-0.28394	-0.0244619	0.478893	-0.200971	0.342187	0.0946743	-0.114533	-0.57449	-0.147572	0.741351	-0.0132069	-0.0176692	-0.364908	0.274642	-0.205806	-0.201111	0.394167	0.378717	0.0160176	-0.843936	-0.0269146	
0.43717	-0.247519	-0.385174	0.212875	0.232944	-0.246956	-0.171298	0.36034	0.266591	-0.352541	-0.330897	0.25072	0.435786	-0.203979	-0.328884	0.214925	0.31333	-0.329104	-0.276768	0.443011	0.462032	-0.550451	-0.461929	0.512612	0.500025	-0.405871	-0.416495	0.519093	0.395386	-0.518732	-0.492714	0.588869	

-0.500551	0.00116512	0.385468	0.617101	0.271721	-0.553766	-0.512617	-0.516291	0.274455	0.787576	0.239486	-0.142499	-0.665678	-0.429177	-0.269173	1.03995	0.29385	0.2162	-0.381938	-0.812008	-0.344894	0.575706	0.72265	-0.00274655	-0.0178873	-0.722555	-0.569011	0.163206	0.720498	0.531051	-0.142757	-0.539184	
0.915022	1.76688	1.19115	-0.574843	-1.58202	-1.45799	0.150251	1.55512	1.36814	0.570966	-1.56058	-1.44776	-0.883351	1.22862	1.83544	0.948576	-0.929336	-1.72085	-0.912309	-0.0143478	2.00738	1.28191	0.112831	-1.75364	-1.48516	-0.278012	1.38011	1.77169	0.565866	-0.900866	-1.90014	-1.00872	
0.116931	1.33201	0.632505	-0.326012	-0.35311	-1.67879	0.590366	0.441544	1.34989	0.121904	-1.11301	-0.676687	-0.971826	1.42105	0.0821183	1.3592	-0.922999	-0.783229	-0.67202	-0.14237	1.76372	0.229454	0.690221	-1.73967	-0.313238	-0.600225	0.893186	1.1544	-0.20422	0.214119	-1.90053	-0.101479	
0.194695	0.104394	-0.430752	-0.219614	-0.0563659	0.167872	0.0763723	0.29996	0.150174	-0.688634	-0.350989	0.229631	0.372811	0.0727788	-0.00070124	-0.277862	-0.162065	-0.302685	0.19638	0.429441	0.242813	-0.363118	-0.22348	-0.30743	0.097245	0.482619	0.10296	-0.00839078	-0.348423	-0.187696	-0.300396	0.573358	

0.154764	0.0437192	-0.100924	-0.370994	-0.168876	0.319921	0.132353	0.0808391	0.235474	-0.075461	-0.291984	-0.0165707	0.176899	0.195048	-0.0672219	-0.21529	-0.0318476	0.0733964	-0.0130311	0.127364	0.0587033	-0.0674206	-0.160038	-0.113926	0.242041	0.465325	-0.00729208	-0.22856	-0.146802	-0.0999793	-0.11931	0.363307	
-0.407928	-0.435419	-0.188352	-0.0312123	0.521068	0.510061	-0.0528213	-0.589045	-0.447508	-0.106131	0.458247	0.414392	0.132406	-0.121675	-0.601001	-0.516076	0.267747	0.602142	0.387944	-0.213613	-0.504819	-0.244506	0.0630559	0.254336	0.39434	0.235701	-0.420321	-0.641015	-0.29969	0.457954	0.665885	0.138592	
-0.0534106	-0.193871	-0.425591	-0.0718107	0.54014	0.277881	-0.147994	-0.507669	-0.118016	-0.0239874	0.295772	0.417127	0.165431	0.0290884	-0.551214	-0.252522	0.230967	0.397737	0.0018018	0.00359102	-0.114464	-0.518159	-0.0917164	0.212816	0.395461	0.196187	-0.390159	-0.124881	0.168887	0.280547	-0.0659443	0.179144	
0.152022	-0.159992	-0.151822	0.303181	0.259674	-0.220488	-0.185905	0.0492377	0.102026	0.0721587	-0.0954117	0.146478	0.153127	-0.203165	-0.195645	0.366041	0.131974	-0.149709	-0.167775	0.096798	0.146133	-0.0763642	-0.145971	0.356413	0.211522	-0.425599	-0.272125	0.330761	0.353671	-0.0718114	-0.191839	0.0575372	

1.06558	0.477303	-0.619111	-1.01948	-0.56145	-0.277576	0.432021	0.557517	0.980364	0.854298	-0.574478	-1.14196	-0.529362	-0.126574	-0.197736	0.991751	0.760701	0.360129	-0.324475	-1.14839	-0.778631	0.106301	0.15573	0.522406	1.45875	0.239727	-0.446762	-0.881938	-0.746722	-0.186057	0.244417	0.378846	
-0.13577	0.152629	0.20524	0.0211364	0.0188681	0.64213	0.0293861	-0.645749	-0.445777	0.435462	-0.119878	0.0735902	-0.0618036	0.610917	-0.00149747	-0.465447	-0.511755	0.059064	0.433093	-0.266152	0.449409	0.418387	0.00383651	-0.600146	-0.244621	-0.196687	0.365748	-0.0185455	0.00720924	0.640938	-0.134581	-0.739983	
-0.0922997	0.411672	-0.0206719	0.644238	0.85748	-0.817694	-0.572767	-1.03436	0.155572	0.559222	0.0377839	0.914924	0.723903	0.290149	-1.55032	-0.312743	-0.287253	0.420746	0.188209	0.100702	1.1564	-0.565221	-0.729263	-1.31596	0.498964	0.071285	0.576382	0.866013	0.471567	0.277363	-1.1686	-0.745917	
-0.17699	-0.634245	-0.31427	0.587795	0.679648	-0.196148	-0.605259	0.356366	0.329623	-0.91115	-0.352164	0.6896	0.800634	-0.268642	-0.378807	0.0184902	0.441431	-0.686688	-0.581802	0.614015	0.931729	-0.480113	-0.312366	0.180984	0.0424632	-0.421021	-0.534352	0.606478	0.842671	-0.306008	-0.601193	0.677991	

1.11384	0.596096	-0.437893	-1.64013	-1.09878	0.233052	0.363301	0.896732	1.22366	0.726118	-0.645464	-1.3598	-0.749803	0.183716	-0.1656	0.425628	1.59479	0.46885	-1.06381	-0.76847	-0.52798	-0.65902	0.00732297	1.47032	1.14478	0.246963	-0.00509919	-1.06567	-1.39376	-0.453479	0.713081	0.664391	
-0.782562	-0.139226	0.293538	0.0305976	0.0695155	1.42312	-0.226173	-1.18751	-0.568025	0.251957	0.271627	0.138403	0.626225	0.509554	-0.94708	-0.802091	0.278891	0.0291418	0.17646	0.456789	-0.0442402	0.090473	0.0562722	-0.149032	-0.12157	-0.468866	0.398228	-0.282416	-0.20509	0.611613	0.684735	-0.505432	
-0.316211	-0.0185827	0.407836	0.871474	0.317191	0.480334	-1.42721	-1.05487	-0.63683	1.00425	0.479298	0.860725	1.28131	-0.498164	-0.886743	-1.56805	0.308932	0.542049	0.178954	0.878692	0.447779	-0.403073	-1.66933	-0.462106	0.168873	0.444856	0.281494	0.881739	1.3204	-0.916501	-0.206486	-1.07771	
-0.455428	-0.854896	0.0180356	0.835831	0.288987	-0.150838	-0.0185813	-0.0863734	-0.499669	-0.0306809	0.0223863	-0.0768544	0.867412	0.224389	-0.475591	-0.25867	0.436388	-0.391806	-0.840317	0.307566	1.4329	-0.299961	-0.94006	0.654083	0.334177	-1.14222	-0.675864	1.19269	0.854918	-0.611929	-0.286961	0.685268	

-2.08824	-1.1331	0.871552	1.34595	1.4527	1.14574	-0.193979	-1.5089	-1.53485	-0.51072	0.689955	1.83252	1.97231	0.654232	-1.0685	-2.12734	-2.04018	-1.18906	0.629539	2.13523	1.8474	0.452914	-0.622706	-1.31459	-1.47857	-0.584931	1.24452	1.87829	1.41871	0.0501867	-0.536403	-1.78836	
0.228268	-0.0548496	-0.34248	-0.209629	-0.186934	0.37562	-0.0372987	0.210638	0.198211	0.215354	-0.110196	-0.0840425	-0.33433	-0.785441	-0.715067	0.454033	1.12806	0.635979	0.0406814	-0.141204	-0.824843	-0.983153	0.219678	1.30144	1.07311	-0.174225	-0.492309	-1.00393	-0.973622	-0.404368	0.906496	0.954162	
0.312418	-1.31112	-1.71943	-1.77639	-1.42932	0.702279	1.21188	1.43761	0.0848147	0.0115361	-0.480444	-0.885681	-0.211292	0.56172	1.66248	1.01629	0.834998	-0.603187	-1.59598	-1.89751	-1.67821	-0.202574	1.12916	2.04426	0.925537	-0.256515	-0.831625	-1.31288	-0.260482	0.471968	2.50759	1.50083	
0.0316037	0.467986	0.484437	-0.497868	-1.20427	-0.241027	0.412405	-0.097458	0.140881	1.04628	0.546434	-1.01663	-0.71984	-0.00215641	0.275513	-0.0696221	0.724764	0.71573	-0.0464312	-0.995952	-0.558785	-0.259294	-0.023668	0.393325	0.574591	0.260848	0.0208681	-0.232819	-0.696224	-0.341251	0.345091	0.410599	

-1.20082	-0.620308	-0.277902	-0.268546	0.132021	0.559766	0.634735	0.38186	0.956886	1.24967	0.497972	-0.0932506	0.0390661	-0.412541	-1.04203	-0.754332	-0.561528	-0.804823	-0.688383	-0.0780842	0.375172	0.344037	0.675637	1.00004	0.762898	0.191972	0.489815	0.486496	-0.128586	-0.317826	-0.41731	-1.0221	
0.246041	0.911815	0.750278	-0.121326	-0.225772	0.192028	0.161906	-0.0791704	0.330326	0.343808	-0.702617	-0.883813	-0.319857	0.0381375	-0.0670264	0.0931756	-0.0153048	-0.274172	0.0411683	0.707382	0.937502	0.359846	0.20083	0.0240361	-0.609615	-0.675415	-0.0832014	0.00613066	-0.549978	-0.415543	-0.220311	-0.177438	
-0.706347	-0.899961	-1.07567	-1.49284	-1.52219	-1.29129	-0.174947	0.0115726	0.801163	1.01932	0.876234	1.00032	1.35529	1.48402	0.46207	0.344832	-0.258978	-0.979613	-1.76995	-1.74354	-0.868721	-1.05735	-0.727765	-0.34739	0.590259	0.810699	1.57325	1.93734	1.26461	0.972149	0.357791	0.0895041	
-0.158938	-0.3408	0.243601	-0.0581279	-0.608052	-0.267158	0.174066	-0.0829963	-0.13671	0.124059	0.180528	0.0220509	0.401628	0.568242	-0.14542	-0.326662	0.379727	0.0910595	-0.632758	-0.179194	0.351623	-0.296641	-0.532479	0.112488	0.373354	-0.165259	-0.0661121	0.482748	0.133876	-0.386413	0.237995	0.644719	

1.69628	2.12698	2.6313	1.79217	0.979798	-0.783135	-2.73155	-4.98476	-4.64505	-3.16018	-1.8966	-0.0905866	2.40546	2.01577	1.52424	1.48244	1.62936	1.44747	2.20392	1.76658	0.914368	-0.950215	-2.7741	-3.76618	-3.12308	-2.61562	-0.493763	1.07101	1.81457	1.68297	2.10184	1.30929	
-1.05835	-1.04498	-1.63921	-1.6554	-1.28867	-0.153487	-0.324692	-0.570127	-0.0698519	0.695859	0.104237	0.276441	0.67718	0.71021	0.668273	0.985552	0.712238	0.214225	-1.15869	-2.00291	-2.22144	-1.8529	-0.600703	1.22242	1.70959	1.86046	2.01132	1.34382	0.679136	0.870784	0.712626	-0.306311	
2.79343	2.70707	3.02714	3.45722	3.41668	3.23913	2.40536	0.680307	-1.43397	-3.25213	-4.9723	-5.80298	-4.25489	-3.24041	-1.55271	0.302849	2.55171	3.05502	3.64275	4.11344	5.10898	4.71955	3.39815	2.04532	-0.669996	-4.23339	-5.99189	-6.8008	-5.44501	-3.41951	-0.386213	1.01161	
0.189503	-0.0923882	0.721203	0.405587	0.0334247	0.162384	0.461717	0.324033	0.281744	-0.498777	-0.976781	-1.72329	-1.59621	-1.31125	-0.883925	-0.320101	1.26642	0.690014	0.0584374	0.436699	0.859094	0.0238365	0.297013	0.996142	1.22659	0.212644	-0.117107	0.203899	-0.0222488	-0.98956	-0.133696	0.709283	

-7.87805	-5.66697	-2.20357	0.491251	2.22594	2.56192	1.48076	-0.109479	-0.434859	0.227831	2.14884	4.03838	3.69377	1.20955	-1.91803	-4.994	-6.45316	-5.11902	-2.73887	-1.32212	-1.25518	-2.22684	-3.31748	-4.3093	-3.3426	-1.86008	-1.79872	-2.41562	-3.73222	-6.71365	-8.44301	-8.55296	
0.939332	1.68135	3.54214	6.58947	9.04396	8.66385	6.85288	4.57311	2.2552	1.73164	1.95614	2.04704	1.30394	1.18645	2.32557	3.84504	4.93037	4.65987	1.68122	-2.15853	-4.51856	-4.48857	-1.83257	0.808888	2.072	1.23308	-1.11755